952286 -20 -20
958019 -19 -20
959951 -18 -20
958118 -17 -20
954053 -16 -20
947935 -15 -20
932570 -14 -20
919593 -13 -20
910297 -12 -20
899209 -11 -20
877109 -10 -20
812247 -9 -20
700418 -8 -20
561541 -7 -20
413460 -6 -20
273863 -5 -20
189906 -4 -20
154419 -3 -20
144056 -2 -20
145712 -1 -20
155367 0 -20
171553 1 -20
191268 2 -20
198203 3 -20
197406 4 -20
193141 5 -20
166971 6 -20
142293 7 -20
139142 8 -20
179357 9 -20
274370 10 -20
396812 11 -20
516704 12 -20
634532 13 -20
721188 14 -20
749760 15 -20
759468 16 -20
751906 17 -20
721492 18 -20
669667 19 -20
610115 20 -20
950059 -20 -19
953110 -19 -19
957463 -18 -19
957518 -17 -19
947811 -16 -19
930787 -15 -19
905288 -14 -19
873782 -13 -19
842190 -12 -19
812879 -11 -19
782022 -10 -19
718851 -9 -19
619912 -8 -19
503150 -7 -19
382526 -6 -19
267127 -5 -19
197762 -4 -19
167332 -3 -19
159589 -2 -19
165488 -1 -19
183264 0 -19
210092 1 -19
235954 2 -19
239998 3 -19
233208 4 -19
218862 5 -19
180244 6 -19
152020 7 -19
149482 8 -19
180017 9 -19
251843 10 -19
345753 11 -19
434113 12 -19
548917 13 -19
641910 14 -19
690205 15 -19
727917 16 -19
752315 17 -19
725352 18 -19
683083 19 -19
634198 20 -19
949349 -20 -18
949001 -19 -18
956474 -18 -18
958582 -17 -18
941924 -16 -18
909845 -15 -18
867315 -14 -18
808474 -13 -18
746191 -12 -18
688213 -11 -18
638709 -10 -18
572796 -9 -18
486338 -8 -18
394101 -7 -18
311290 -6 -18
233477 -5 -18
188766 -4 -18
173057 -3 -18
176756 -2 -18
191291 -1 -18
218420 0 -18
257427 1 -18
288901 2 -18
289361 3 -18
273768 4 -18
246154 5 -18
196792 6 -18
166512 7 -18
160648 8 -18
174295 9 -18
217684 10 -18
277581 11 -18
330907 12 -18
430445 13 -18
521631 14 -18
586769 15 -18
647251 16 -18
697806 17 -18
685332 18 -18
666110 19 -18
642578 20 -18
952342 -20 -17
952716 -19 -17
959114 -18 -17
957812 -17 -17
936644 -16 -17
890900 -15 -17
822348 -14 -17
733195 -13 -17
638876 -12 -17
547421 -11 -17
477299 -10 -17
415768 -9 -17
350937 -8 -17
287378 -7 -17
241267 -6 -17
200731 -5 -17
180641 -4 -17
182109 -3 -17
200697 -2 -17
226595 -1 -17
261002 0 -17
307336 1 -17
339833 2 -17
336414 3 -17
314009 4 -17
275824 5 -17
218519 6 -17
182161 7 -17
168582 8 -17
167657 9 -17
186287 10 -17
211808 11 -17
233481 12 -17
310391 13 -17
391694 14 -17
468144 15 -17
544680 16 -17
612278 17 -17
625167 18 -17
637912 19 -17
645495 20 -17
949751 -20 -16
951887 -19 -16
953242 -18 -16
942870 -17 -16
913649 -16 -16
853171 -15 -16
759338 -14 -16
644356 -13 -16
523947 -12 -16
407360 -11 -16
320929 -10 -16
265354 -9 -16
224562 -8 -16
190537 -7 -16
175852 -6 -16
172353 -5 -16
180313 -4 -16
198251 -3 -16
231905 -2 -16
270531 -1 -16
309637 0 -16
354519 1 -16
382137 2 -16
370345 3 -16
337134 4 -16
286294 5 -16
223124 6 -16
182727 7 -16
165663 8 -16
159568 9 -16
163543 10 -16
162372 11 -16
162505 12 -16
217843 13 -16
281253 14 -16
351324 15 -16
425993 16 -16
491078 17 -16
519788 18 -16
559536 19 -16
600594 20 -16
928127 -20 -15
927776 -19 -15
925408 -18 -15
905775 -17 -15
862698 -16 -15
788186 -15 -15
683730 -14 -15
560435 -13 -15
435702 -12 -15
317786 -11 -15
226137 -10 -15
166895 -9 -15
130505 -8 -15
107635 -7 -15
113293 -6 -15
141419 -5 -15
175897 -4 -15
214727 -3 -15
269330 -2 -15
321860 -1 -15
361336 0 -15
398148 1 -15
410529 2 -15
379969 3 -15
329803 4 -15
266671 5 -15
202040 6 -15
165828 7 -15
154002 8 -15
148384 9 -15
148411 10 -15
140701 11 -15
136780 12 -15
178004 13 -15
227186 14 -15
280888 15 -15
334533 16 -15
373478 17 -15
393697 18 -15
440376 19 -15
507445 20 -15
895734 -20 -14
898275 -19 -14
889320 -18 -14
854703 -17 -14
797099 -16 -14
712709 -15 -14
598725 -14 -14
482688 -13 -14
382228 -12 -14
287250 -11 -14
212943 -10 -14
168377 -9 -14
139012 -8 -14
109281 -7 -14
110901 -6 -14
146290 -5 -14
190469 -4 -14
240986 -3 -14
311181 -2 -14
371999 -1 -14
402537 0 -14
418710 1 -14
408027 2 -14
359901 3 -14
302041 4 -14
244005 5 -14
188484 6 -14
154609 7 -14
137836 8 -14
126776 9 -14
122991 10 -14
118235 11 -14
125247 12 -14
160105 13 -14
196262 14 -14
229179 15 -14
259076 16 -14
273140 17 -14
292059 18 -14
346205 19 -14
427556 20 -14
858259 -20 -13
855602 -19 -13
832224 -18 -13
781468 -17 -13
713869 -16 -13
624502 -15 -13
510244 -14 -13
408029 -13 -13
332127 -12 -13
269019 -11 -13
223019 -10 -13
206078 -9 -13
195931 -8 -13
165315 -7 -13
148652 -6 -13
176921 -5 -13
223206 -4 -13
274860 -3 -13
349867 -2 -13
408617 -1 -13
420997 0 -13
405094 1 -13
372176 2 -13
317027 3 -13
268799 4 -13
227890 5 -13
186809 6 -13
154658 7 -13
129644 8 -13
111387 9 -13
110606 10 -13
115251 11 -13
136452 12 -13
172567 13 -13
200230 14 -13
214226 15 -13
224507 16 -13
221331 17 -13
235755 18 -13
287317 19 -13
364129 20 -13
847193 -20 -12
839456 -19 -12
806353 -18 -12
743627 -17 -12
664088 -16 -12
565954 -15 -12
453405 -14 -12
364577 -13 -12
309005 -12 -12
277104 -11 -12
262150 -10 -12
267893 -9 -12
268442 -8 -12
240592 -7 -12
207927 -6 -12
217370 -5 -12
262207 -4 -12
312508 -3 -12
379547 -2 -12
426854 -1 -12
422596 0 -12
376625 1 -12
331734 2 -12
284408 3 -12
251257 4 -12
225838 5 -12
200861 6 -12
179604 7 -12
161197 8 -12
150126 9 -12
153679 10 -12
162772 11 -12
191454 12 -12
230748 13 -12
253975 14 -12
255506 15 -12
249944 16 -12
231878 17 -12
225363 18 -12
250535 19 -12
307862 20 -12
851309 -20 -11
841094 -19 -11
809470 -18 -11
750478 -17 -11
672882 -16 -11
577046 -15 -11
470388 -14 -11
387980 -13 -11
339418 -12 -11
320080 -11 -11
319806 -10 -11
338450 -9 -11
346630 -8 -11
325303 -7 -11
288819 -6 -11
280357 -5 -11
303854 -4 -11
336207 -3 -11
382294 -2 -11
408759 -1 -11
392176 0 -11
338268 1 -11
295210 2 -11
262363 3 -11
247517 4 -11
239249 5 -11
226544 6 -11
215493 7 -11
207841 8 -11
206306 9 -11
212828 10 -11
228283 11 -11
268950 12 -11
316560 13 -11
336478 14 -11
324485 15 -11
301242 16 -11
265116 17 -11
234688 18 -11
231153 19 -11
264485 20 -11
876858 -20 -10
863471 -19 -10
835317 -18 -10
789365 -17 -10
726679 -16 -10
641737 -15 -10
542402 -14 -10
454545 -13 -10
389149 -12 -10
360575 -11 -10
365695 -10 -10
402095 -9 -10
428494 -8 -10
423319 -7 -10
392173 -6 -10
370501 -5 -10
364668 -4 -10
369016 -3 -10
388125 -2 -10
388871 -1 -10
357102 0 -10
305968 1 -10
280235 2 -10
267423 3 -10
268326 4 -10
277748 5 -10
273649 6 -10
260315 7 -10
254078 8 -10
257035 9 -10
266049 10 -10
288779 11 -10
339644 12 -10
392261 13 -10
406359 14 -10
380755 15 -10
341140 16 -10
290082 17 -10
246369 18 -10
227986 19 -10
239124 20 -10
910647 -20 -9
896605 -19 -9
873837 -18 -9
841366 -17 -9
794336 -16 -9
720559 -15 -9
627561 -14 -9
530256 -13 -9
441870 -12 -9
403458 -11 -9
412802 -10 -9
465087 -9 -9
506747 -8 -9
513850 -7 -9
483541 -6 -9
451677 -5 -9
417905 -4 -9
391782 -3 -9
384181 -2 -9
364682 -1 -9
324338 0 -9
289690 1 -9
295246 2 -9
303662 3 -9
311853 4 -9
329578 5 -9
329454 6 -9
311395 7 -9
305065 8 -9
309341 9 -9
319950 10 -9
345735 11 -9
397917 12 -9
447034 13 -9
454816 14 -9
421206 15 -9
369482 16 -9
307772 17 -9
257620 18 -9
230843 19 -9
223807 20 -9
944295 -20 -8
938974 -19 -8
927982 -18 -8
911359 -17 -8
880432 -16 -8
818122 -15 -8
728895 -14 -8
630678 -13 -8
537791 -12 -8
490275 -11 -8
495470 -10 -8
548556 -9 -8
586018 -8 -8
584026 -7 -8
549870 -6 -8
508905 -5 -8
448845 -4 -8
391244 -3 -8
352848 -2 -8
313840 -1 -8
279674 0 -8
281676 1 -8
324710 2 -8
355248 3 -8
372447 4 -8
384619 5 -8
375726 6 -8
354570 7 -8
350178 8 -8
350572 9 -8
358378 10 -8
379256 11 -8
425378 12 -8
469739 13 -8
477767 14 -8
450566 15 -8
400585 16 -8
337462 17 -8
284980 18 -8
251285 19 -8
227581 20 -8
951715 -20 -7
951412 -19 -7
951070 -18 -7
950991 -17 -7
939043 -16 -7
890808 -15 -7
806621 -14 -7
709549 -13 -7
616455 -12 -7
561387 -11 -7
556048 -10 -7
606372 -9 -7
646089 -8 -7
640805 -7 -7
605291 -6 -7
558256 -5 -7
466598 -4 -7
371518 -3 -7
304927 -2 -7
249367 -1 -7
219280 0 -7
251271 1 -7
321066 2 -7
371562 3 -7
404563 4 -7
417197 5 -7
403729 6 -7
375259 7 -7
359313 8 -7
347624 9 -7
353524 10 -7
369146 11 -7
407432 12 -7
448991 13 -7
461972 14 -7
448799 15 -7
415095 16 -7
367256 17 -7
328371 18 -7
302272 19 -7
271620 20 -7
953905 -20 -6
954771 -19 -6
955466 -18 -6
958572 -17 -6
953252 -16 -6
912323 -15 -6
833443 -14 -6
741240 -13 -6
651654 -12 -6
601314 -11 -6
594839 -10 -6
639276 -9 -6
675551 -8 -6
671452 -7 -6
630774 -6 -6
571197 -5 -6
463607 -4 -6
352952 -3 -6
269965 -2 -6
202000 -1 -6
168937 0 -6
201994 1 -6
275872 2 -6
348453 3 -6
399114 4 -6
426098 5 -6
431448 6 -6
408393 7 -6
374466 8 -6
355118 9 -6
358300 10 -6
364316 11 -6
388038 12 -6
417789 13 -6
430301 14 -6
428324 15 -6
413462 16 -6
390461 17 -6
375107 18 -6
361958 19 -6
336914 20 -6
952892 -20 -5
953928 -19 -5
951288 -18 -5
950318 -17 -5
947741 -16 -5
919194 -15 -5
856119 -14 -5
779605 -13 -5
702662 -12 -5
657070 -11 -5
642173 -10 -5
660625 -9 -5
670806 -8 -5
655612 -7 -5
605609 -6 -5
529958 -5 -5
422093 -4 -5
317355 -3 -5
227788 -2 -5
147743 -1 -5
113887 0 -5
145724 1 -5
212716 2 -5
301160 3 -5
372773 4 -5
415550 5 -5
442612 6 -5
439126 7 -5
397840 8 -5
374634 9 -5
374628 10 -5
368832 11 -5
375369 12 -5
391035 13 -5
401750 14 -5
407815 15 -5
409838 16 -5
411760 17 -5
415619 18 -5
408632 19 -5
391770 20 -5
948815 -20 -4
954830 -19 -4
952837 -18 -4
950925 -17 -4
952330 -16 -4
936285 -15 -4
887950 -14 -4
828822 -13 -4
768473 -12 -4
733073 -11 -4
707920 -10 -4
696757 -9 -4
681615 -8 -4
652989 -7 -4
584466 -6 -4
493942 -5 -4
389069 -4 -4
285241 -3 -4
183285 -2 -4
91231 -1 -4
58507 0 -4
86770 1 -4
143478 2 -4
241350 3 -4
337356 4 -4
398528 5 -4
440400 6 -4
453300 7 -4
412332 8 -4
383646 9 -4
381244 10 -4
377172 11 -4
374712 12 -4
380243 13 -4
385201 14 -4
389287 15 -4
399866 16 -4
425179 17 -4
445019 18 -4
449083 19 -4
442719 20 -4
949932 -20 -3
956777 -19 -3
954528 -18 -3
951413 -17 -3
953468 -16 -3
946928 -15 -3
915362 -14 -3
870881 -13 -3
818320 -12 -3
784892 -11 -3
750034 -10 -3
717199 -9 -3
686595 -8 -3
655083 -7 -3
577158 -6 -3
473937 -5 -3
367597 -4 -3
259489 -3 -3
147613 -2 -3
56193 -1 -3
22441 0 -3
35382 1 -3
75520 2 -3
177950 3 -3
286763 4 -3
373344 5 -3
435328 6 -3
460921 7 -3
419858 8 -3
390782 9 -3
380813 10 -3
380649 11 -3
381187 12 -3
378081 13 -3
370805 14 -3
367358 15 -3
380165 16 -3
420406 17 -3
457527 18 -3
475804 19 -3
485323 20 -3
951438 -20 -2
956561 -19 -2
954812 -18 -2
952005 -17 -2
953141 -16 -2
953206 -15 -2
940294 -14 -2
913926 -13 -2
876085 -12 -2
853059 -11 -2
813391 -10 -2
757150 -9 -2
704445 -8 -2
660543 -7 -2
565367 -6 -2
449456 -5 -2
343255 -4 -2
232692 -3 -2
113676 -2 -2
32208 -1 -2
5421 0 -2
6754 1 -2
29313 2 -2
130279 3 -2
248516 4 -2
358978 5 -2
437877 6 -2
473439 7 -2
431461 8 -2
395725 9 -2
371657 10 -2
372324 11 -2
381969 12 -2
382983 13 -2
374316 14 -2
368084 15 -2
379978 16 -2
422093 17 -2
456180 18 -2
468147 19 -2
482379 20 -2
943419 -20 -1
947077 -19 -1
947871 -18 -1
947991 -17 -1
950961 -16 -1
956052 -15 -1
956628 -14 -1
948151 -13 -1
931272 -12 -1
918728 -11 -1
876290 -10 -1
802583 -9 -1
730550 -8 -1
664899 -7 -1
547791 -6 -1
421739 -5 -1
315071 -4 -1
199927 -3 -1
80537 -2 -1
16254 -1 -1
1118 0 -1
2775 1 -1
21474 2 -1
118670 3 -1
247230 4 -1
369961 5 -1
451452 6 -1
481761 7 -1
432173 8 -1
378914 9 -1
344013 10 -1
343736 11 -1
362332 12 -1
376816 13 -1
379559 14 -1
374301 15 -1
380935 16 -1
413097 17 -1
430215 18 -1
419659 19 -1
423480 20 -1
929913 -20 0
933355 -19 0
936313 -18 0
939425 -17 0
944021 -16 0
948240 -15 0
950056 -14 0
950954 -13 0
951219 -12 0
946543 -11 0
906412 -10 0
833609 -9 0
758725 -8 0
673595 -7 0
538767 -6 0
406291 -5 0
291748 -4 0
166512 -3 0
52207 -2 0
6995 -1 0
0 0 0
4780 1 0
34848 2 0
140386 3 0
278056 4 0
403599 5 0
477656 6 0
486618 7 0
416856 8 0
348411 9 0
315055 10 0
321498 11 0
352949 12 0
379684 13 0
394547 14 0
387020 15 0
384338 16 0
403943 17 0
416315 18 0
389774 19 0
378779 20 0
934461 -20 1
933503 -19 1
934747 -18 1
938782 -17 1
945802 -16 1
952294 -15 1
956785 -14 1
957647 -13 1
955668 -12 1
934581 -11 1
879296 -10 1
795050 -9 1
708540 -8 1
606790 -7 1
472918 -6 1
348260 -5 1
240092 -4 1
125436 -3 1
30921 -2 1
2807 -1 1
1384 0 1
14801 1 1
66100 2 1
187978 3 1
326080 4 1
445966 5 1
502086 6 1
481294 7 1
386751 8 1
312506 9 1
283566 10 1
292014 11 1
333531 12 1
370277 13 1
400385 14 1
397677 15 1
395478 16 1
409406 17 1
427241 18 1
391101 19 1
366443 20 1
937215 -20 2
935727 -19 2
937041 -18 2
941551 -17 2
948876 -16 2
953423 -15 2
953199 -14 2
943145 -13 2
925587 -12 2
880044 -11 2
800326 -10 2
700332 -9 2
604850 -8 2
496916 -7 2
374745 -6 2
270538 -5 2
179705 -4 2
86415 -3 2
18549 -2 2
5006 -1 2
10102 0 2
38044 1 2
109365 2 2
239289 3 2
372446 4 2
478292 5 2
509598 6 2
463028 7 2
353745 8 2
276471 9 2
258318 10 2
275031 11 2
320321 12 2
365607 13 2
403890 14 2
396396 15 2
391255 16 2
398854 17 2
410720 18 2
370372 19 2
341110 20 2
917670 -20 3
918193 -19 3
920485 -18 3
924860 -17 3
930172 -16 3
929465 -15 3
918945 -14 3
890973 -13 3
849498 -12 3
771384 -11 3
667910 -10 3
564928 -9 3
481607 -8 3
385007 -7 3
292020 -6 3
217466 -5 3
144587 -4 3
68475 -3 3
29014 -2 3
29828 -1 3
40644 0 3
81495 1 3
164637 2 3
288859 3 3
406016 4 3
483783 5 3
486708 6 3
425247 7 3
315649 8 3
243226 9 3
250517 10 3
287477 11 3
336416 12 3
382800 13 3
413566 14 3
385292 15 3
368265 16 3
366405 17 3
368870 18 3
337722 19 3
319668 20 3
813999 -20 4
819744 -19 4
820900 -18 4
816135 -17 4
815846 -16 4
816913 -15 4
799110 -14 4
761552 -13 4
708379 -12 4
617816 -11 4
507202 -10 4
415133 -9 4
360584 -8 4
302691 -7 4
257313 -6 4
224661 -5 4
181598 -4 4
124786 -3 4
98614 -2 4
103641 -1 4
119367 0 4
163971 1 4
246826 2 4
353246 3 4
437739 4 4
472053 5 4
441226 6 4
363502 7 4
259721 8 4
207062 9 4
250095 10 4
315131 11 4
372623 12 4
417643 13 4
431112 14 4
377956 15 4
342133 16 4
335023 17 4
335207 18 4
322646 19 4
325329 20 4
714976 -20 5
719945 -19 5
709778 -18 5
688372 -17 5
673412 -16 5
665428 -15 5
641202 -14 5
596882 -13 5
537180 -12 5
448240 -11 5
343578 -10 5
268646 -9 5
247005 -8 5
241443 -7 5
252395 -6 5
269624 -5 5
267222 -4 5
236527 -3 5
217439 -2 5
218601 -1 5
231887 0 5
268850 1 5
335113 2 5
406282 3 5
446490 4 5
439595 5 5
382176 6 5
297114 7 5
213229 8 5
192296 9 5
265840 10 5
350458 11 5
411244 12 5
455376 13 5
452766 14 5
381531 15 5
331993 16 5
322356 17 5
316756 18 5
314877 19 5
331658 20 5
657257 -20 6
670641 -19 6
652142 -18 6
616695 -17 6
585514 -16 6
557438 -15 6
515992 -14 6
457646 -13 6
388557 -12 6
303882 -11 6
221905 -10 6
185074 -9 6
211671 -8 6
263901 -7 6
326250 -6 6
376710 -5 6
393002 -4 6
373450 -3 6
353766 -2 6
345426 -1 6
347334 0 6
365633 1 6
401243 2 6
430761 3 6
431750 4 6
398603 5 6
336443 6 6
263784 7 6
212841 8 6
229420 9 6
327455 10 6
422740 11 6
480751 12 6
512261 13 6
486890 14 6
396154 15 6
327809 16 6
307677 17 6
296715 18 6
299809 19 6
325907 20 6
601279 -20 7
621079 -19 7
600162 -18 7
565045 -17 7
535873 -16 7
507426 -15 7
463220 -14 7
405644 -13 7
341625 -12 7
272627 -11 7
219537 -10 7
217024 -9 7
275343 -8 7
356069 -7 7
436006 -6 7
491670 -5 7
508815 -4 7
496927 -3 7
479788 -2 7
467656 -1 7
461221 0 7
462166 1 7
466915 2 7
465366 3 7
440112 4 7
393873 5 7
337933 6 7
280408 7 7
253052 8 7
292995 9 7
398276 10 7
490336 11 7
538116 12 7
553998 13 7
514502 14 7
418857 15 7
340897 16 7
311568 17 7
294969 18 7
295086 19 7
323295 20 7
566508 -20 8
580901 -19 8
552339 -18 8
516493 -17 8
491246 -16 8
469180 -15 8
438377 -14 8
399673 -13 8
357317 -12 8
315136 -11 8
289064 -10 8
304994 -9 8
367366 -8 8
448640 -7 8
523823 -6 8
577064 -5 8
599455 -4 8
601431 -3 8
587249 -2 8
574800 -1 8
563873 0 8
549357 1 8
530269 2 8
509684 3 8
467434 4 8
415384 5 8
368256 6 8
324581 7 8
315790 8 8
370435 9 8
465830 10 8
542187 11 8
573837 12 8
576564 13 8
530796 14 8
440654 15 8
362662 16 8
325866 17 8
295889 18 8
283578 19 8
307489 20 8
639650 -20 9
647848 -19 9
618573 -18 9
587342 -17 9
563691 -16 9
536467 -15 9
509003 -14 9
475170 -13 9
439452 -12 9
408910 -11 9
395137 -10 9
411993 -9 9
457535 -8 9
515711 -7 9
571094 -6 9
615663 -5 9
642141 -4 9
654356 -3 9
647749 -2 9
638915 -1 9
626692 0 9
603183 1 9
572658 2 9
543387 3 9
493838 4 9
443572 5 9
405140 6 9
380340 7 9
390667 8 9
452381 9 9
528344 10 9
581693 11 9
595912 12 9
589665 13 9
542766 14 9
461490 15 9
389706 16 9
343536 17 9
293143 18 9
266470 19 9
286584 20 9
688625 -20 10
696834 -19 10
677568 -18 10
660744 -17 10
650877 -16 10
636184 -15 10
614816 -14 10
587304 -13 10
558284 -12 10
533201 -11 10
521742 -10 10
529491 -9 10
550777 -8 10
578247 -7 10
608156 -6 10
634612 -5 10
653685 -4 10
669177 -3 10
669154 -2 10
666068 -1 10
658936 0 10
637779 1 10
608277 2 10
583590 3 10
539153 4 10
490153 5 10
455572 6 10
438280 7 10
447994 8 10
494709 9 10
546627 10 10
577955 11 10
580030 12 10
571212 13 10
530506 14 10
460272 15 10
390397 16 10
333827 17 10
271853 18 10
242433 19 10
267454 20 10
699374 -20 11
699058 -19 11
682416 -18 11
674229 -17 11
677227 -16 11
680520 -15 11
676338 -14 11
664149 -13 11
646980 -12 11
627807 -11 11
616798 -10 11
614475 -9 11
615336 -8 11
619334 -7 11
629993 -6 11
640377 -5 11
651007 -4 11
668222 -3 11
671770 -2 11
668999 -1 11
661801 0 11
642332 1 11
615583 2 11
596789 3 11
559463 4 11
517012 5 11
490780 6 11
477157 7 11
476293 8 11
498863 9 11
523825 10 11
535747 11 11
533214 12 11
533816 13 11
509445 14 11
451028 15 11
378086 16 11
309110 17 11
240719 18 11
213275 19 11
244380 20 11
699812 -20 12
697055 -19 12
678922 -18 12
664398 -17 12
663664 -16 12
669243 -15 12
673586 -14 12
675717 -13 12
675144 -12 12
669081 -11 12
663148 -10 12
656781 -9 12
648368 -8 12
641368 -7 12
642178 -6 12
644412 -5 12
650552 -4 12
662137 -3 12
662113 -2 12
656743 -1 12
651222 0 12
635473 1 12
611892 2 12
591871 3 12
556023 4 12
516887 5 12
496503 6 12
487049 7 12
480925 8 12
489126 9 12
499736 10 12
501969 11 12
502649 12 12
515173 13 12
499828 14 12
442193 15 12
362227 16 12
282649 17 12
214081 18 12
194890 19 12
232362 20 12
698943 -20 13
702870 -19 13
687922 -18 13
669495 -17 13
664579 -16 13
667714 -15 13
671677 -14 13
678507 -13 13
686393 -12 13
690138 -11 13
690390 -10 13
684086 -9 13
670942 -8 13
656374 -7 13
647730 -6 13
641948 -5 13
641526 -4 13
646766 -3 13
644409 -2 13
638147 -1 13
635352 0 13
627514 1 13
612490 2 13
594955 3 13
561137 4 13
525314 5 13
507689 6 13
495688 7 13
480204 8 13
473255 9 13
467227 10 13
456855 11 13
458470 12 13
475151 13 13
466702 14 13
414237 15 13
335427 16 13
254213 17 13
196457 18 13
188289 19 13
229353 20 13
687712 -20 14
694193 -19 14
677929 -18 14
656514 -17 14
650695 -16 14
653708 -15 14
661955 -14 14
675716 -13 14
691656 -12 14
701477 -11 14
703244 -10 14
695004 -9 14
676725 -8 14
653180 -7 14
633244 -6 14
617063 -5 14
605553 -4 14
605297 -3 14
603925 -2 14
602324 -1 14
606956 0 14
613337 1 14
610212 2 14
599977 3 14
573066 4 14
541709 5 14
524480 6 14
504179 7 14
473064 8 14
445991 9 14
421543 10 14
395760 11 14
393592 12 14
407588 13 14
406323 14 14
367763 15 14
302177 16 14
230122 17 14
188786 18 14
187236 19 14
222439 20 14
706797 -20 15
714636 -19 15
694460 -18 15
666129 -17 15
654080 -16 15
648833 -15 15
653715 -14 15
665867 -13 15
682081 -12 15
692103 -11 15
690989 -10 15
680670 -9 15
662540 -8 15
636677 -7 15
608503 -6 15
585213 -5 15
566567 -4 15
558749 -3 15
555033 -2 15
559242 -1 15
573075 0 15
590994 1 15
597405 2 15
593278 3 15
573203 4 15
550972 5 15
539275 6 15
517182 7 15
477799 8 15
437766 9 15
397085 10 15
354829 11 15
341927 12 15
346146 13 15
344848 14 15
319030 15 15
271710 16 15
215659 17 15
188767 18 15
187892 19 15
209186 20 15
709907 -20 16
721118 -19 16
700886 -18 16
669562 -17 16
655874 -16 16
648790 -15 16
648637 -14 16
661321 -13 16
682625 -12 16
696306 -11 16
691416 -10 16
676567 -9 16
658026 -8 16
629099 -7 16
591502 -6 16
562697 -5 16
542937 -4 16
531259 -3 16
529288 -2 16
546204 -1 16
576000 0 16
606053 1 16
620243 2 16
619593 3 16
603968 4 16
585086 5 16
571843 6 16
541563 7 16
490345 8 16
434938 9 16
376693 10 16
315667 11 16
286552 12 16
279923 13 16
275167 14 16
261102 15 16
236186 16 16
203219 17 16
188658 18 16
187521 19 16
195569 20 16
715150 -20 17
724076 -19 17
700540 -18 17
666351 -17 17
652014 -16 17
644614 -15 17
640120 -14 17
652336 -13 17
676991 -12 17
693989 -11 17
686738 -10 17
668926 -9 17
649549 -8 17
619227 -7 17
578201 -6 17
551528 -5 17
538808 -4 17
533026 -3 17
538449 -2 17
563363 -1 17
596648 0 17
626459 1 17
644064 2 17
646912 3 17
635009 4 17
619778 5 17
602020 6 17
557192 7 17
488697 8 17
415244 9 17
338195 10 17
263581 11 17
225098 12 17
212756 13 17
209636 14 17
208234 15 17
202899 16 17
189511 17 17
184590 18 17
181346 19 17
179278 20 17
712596 -20 18
717785 -19 18
689889 -18 18
651886 -17 18
634083 -16 18
623479 -15 18
612094 -14 18
622383 -13 18
649382 -12 18
665727 -11 18
656344 -10 18
638617 -9 18
621900 -8 18
595610 -7 18
563012 -6 18
545367 -5 18
541719 -4 18
543496 -3 18
555892 -2 18
582774 -1 18
611426 0 18
635470 1 18
652760 2 18
657131 3 18
648758 4 18
634076 5 18
608102 6 18
547808 7 18
464343 8 18
379389 9 18
297734 10 18
224743 11 18
189000 12 18
175868 13 18
171762 14 18
174508 15 18
179282 16 18
177363 17 18
178187 18 18
173762 19 18
166048 20 18
684244 -20 19
686931 -19 19
658414 -18 19
620175 -17 19
600667 -16 19
587079 -15 19
567917 -14 19
574966 -13 19
602523 -12 19
617489 -11 19
610916 -10 19
600033 -9 19
591308 -8 19
575406 -7 19
560153 -6 19
556539 -5 19
562880 -4 19
572998 -3 19
590788 -2 19
614108 -1 19
632742 0 19
647907 1 19
662289 2 19
666438 3 19
660121 4 19
648174 5 19
616573 6 19
543378 7 19
447582 8 19
355325 9 19
272710 10 19
206262 11 19
177559 12 19
166009 13 19
158311 14 19
157558 15 19
162984 16 19
164636 17 19
167725 18 19
164167 19 19
156379 20 19
626281 -20 20
623623 -19 20
606624 -18 20
583004 -17 20
570167 -16 20
560729 -15 20
531803 -14 20
519087 -13 20
530494 -12 20
541689 -11 20
539154 -10 20
537382 -9 20
540066 -8 20
535894 -7 20
533366 -6 20
542922 -5 20
563926 -4 20
588221 -3 20
619174 -2 20
642940 -1 20
645841 0 20
639533 1 20
640736 2 20
638702 3 20
634870 4 20
629161 5 20
598739 6 20
519338 7 20
414477 8 20
318157 9 20
243332 10 20
190260 11 20
171256 12 20
165233 13 20
157341 14 20
151024 15 20
151861 16 20
153144 17 20
155542 18 20
154222 19 20
150489 20 20
