Index 0 431.556 76.6274 Second 435.994 89.4796
Index 1 498.465 92.9927 Second 482.362 89.4083
Index 2 444.94 128.461 Second 443.013 145.402
Index 3 425.238 156.307 Second 443.013 145.402
Index 4 318.986 41.9186 Second 324.519 43.8941
Index 5 441.314 100.368 Second 442.485 107.165
Index 6 434.207 109.128 Second 442.485 107.165
Index 7 433.697 106.867 Second 442.485 107.165
Index 8 483.762 95.3633 Second 482.362 89.4083
Index 9 438.158 86.5647 Second 435.994 89.4796
Index 10 446.879 90.4942 Second 442.485 107.165
Index 11 381.362 62.4039 Second 370.55 79.7592
Index 12 347.879 61.1753 Second 345.119 44.9587
Index 13 418.777 92.6326 Second 435.994 89.4796
Index 14 421.542 137.725 Second 424.623 125.913
Index 15 448.417 310.391 Second 461.462 314.78
Index 16 162.306 316.882 Second 176.51 321.536
Index 17 93.1731 406.96 Second 76.6145 421.655
Index 18 426.689 133.604 Second 424.623 125.913
Index 19 153.31 517.771 Second 138.965 511.823
Index 20 320.179 96.1285 Second 301.989 86.8797
Index 21 423.382 81.8618 Second 435.994 89.4796
Index 22 428.59 96.0487 Second 442.485 107.165
Index 23 248.553 160.113 Second 236.276 161.683
Index 24 271.446 170.16 Second 276.372 155.647
Index 25 313.59 119.081 Second 328.511 135.758
Index 26 391.841 31.7086 Second 396.601 40.798
Index 27 262.97 151.349 Second 276.372 155.647
Index 28 362.844 112.716 Second 376.839 115.977
Index 29 422.629 84.4636 Second 435.994 89.4796
Index 30 491.247 90.4691 Second 482.362 89.4083
Index 31 495.769 38.2808 Second 509.092 42.9452
Index 32 439.67 96.7899 Second 435.994 89.4796
Index 33 475.796 101.676 Second 482.362 89.4083
Index 34 387.007 554.278 Second 384.363 537.675
Index 35 437.267 71.6061 Second 435.994 89.4796
Index 36 387.84 176.341 Second 380.4 195.133
Index 37 378.288 54.3886 Second 377.778 74.0004
Index 38 532.657 376 Second 546.725 381.384
Index 39 458.069 305.709 Second 461.462 314.78
Index 40 385.395 62.1442 Second 377.778 74.0004
Index 41 115.667 523.839 Second 133.229 534.907
Index 42 431.527 94.5666 Second 435.994 89.4796
Index 43 371.432 297.277 Second 385.189 301.914
Index 44 307.111 272.624 Second 321.922 277.085
Index 45 150.024 138.067 Second 165.951 139.356
Index 46 492.62 167.716 Second 510.991 151.268
Index 47 126.048 516.69 Second 138.965 511.823
Index 48 66.5896 190.807 Second 61.9536 187.065
Index 49 393.476 182.392 Second 380.4 195.133
Index 50 340.011 164.272 Second 328.682 180.773
Index 51 254.978 59.8679 Second 274.538 78.5159
Index 52 196.187 251.034 Second 209.277 257.856
Index 53 427.243 137.886 Second 424.623 125.913
Index 54 467.936 100.432 Second 482.362 89.4083
Index 55 75.8251 25.5602 Second 68.3344 41.2146
Index 56 252.594 178.466 Second 236.276 161.683
Index 57 465.967 118.083 Second 469.499 122.973
Index 58 73.2835 98.1797 Second 58.9347 102.479
Index 59 66.3394 89.6992 Second 64.4993 97.7602
Index 60 409.806 87.6118 Second 394.743 105.195
Index 61 517.634 30.7768 Second 536.064 37.5217
Index 62 70.3652 98.2335 Second 64.4993 97.7602
Index 63 243.703 322.612 Second 257.688 327.449
Index 64 388.823 43.0751 Second 396.601 40.798
Index 65 390.674 41.0484 Second 396.601 40.798
Index 66 453.418 74.0944 Second 435.994 89.4796
Index 67 245.316 245.302 Second 229.106 242.417
Index 68 444.372 141.194 Second 443.013 145.402
Index 69 441.56 139.978 Second 424.623 125.913
Index 70 63.0221 197.358 Second 61.9536 187.065
Index 71 434.144 49.3643 Second 453.253 44.6818
Index 72 310.899 284.57 Second 326.377 288.669
Index 73 475.7 30.0322 Second 460.84 50.0277
Index 74 376.127 107.149 Second 361.736 111.201
Index 75 256.452 320.034 Second 257.688 327.449
Index 76 301.053 53.377 Second 314.845 58.1104
Index 77 477.828 327.847 Second 461.462 314.78
Index 78 469.96 150.595 Second 487.561 133.832
Index 79 279.045 315.838 Second 292.364 326.801
Index 80 264.343 495.377 Second 269.953 476.369
Index 81 68.2536 458.43 Second 72.6258 474.992
Index 82 533.406 69.2413 Second 545.464 53.591
Index 83 351.067 514.887 Second 361.263 518.003
Index 84 302.063 234.041 Second 304.495 251.19
Index 85 265.992 490.145 Second 269.953 476.369
Index 86 262.505 558.004 Second 276.853 562.158
Index 87 467.305 36.119 Second 460.84 50.0277
Index 88 150.498 461.029 Second 162.336 457.562
Index 89 522.375 35.3827 Second 526.73 52.6905
Index 90 103.962 506.801 Second 121.338 520.515
Index 91 416.501 152.459 Second 406.59 167.239
Index 92 169.643 146.644 Second 180.94 153.074
Index 93 289.347 49.5125 Second 279.728 56.0443
Index 94 572.446 323.181 Second 585.079 309.069
Index 95 203.366 286.068 Second 207.272 286.574
Index 96 251.233 280.973 Second 263.78 277.853
Index 97 151.279 466.109 Second 132.544 483.679
Index 98 150.447 362.177 Second 164.426 370.48
Index 99 424.18 104.048 Second 435.994 89.4796
Index 100 313.268 36.6334 Second 324.519 43.8941
Index 101 458.89 95.3136 Second 442.485 107.165
Index 102 436.125 127.36 Second 424.623 125.913
Index 103 349.839 74.9064 Second 359.008 86.1385
Index 104 153.911 353.22 Second 151.121 354.325
Index 105 390.241 147.938 Second 406.59 167.239
Index 106 357.356 306.613 Second 349.049 326.559
Index 107 198.002 512.453 Second 188.419 516.837
Index 108 105.683 157.483 Second 102.671 176.353
Index 109 129.771 109.347 Second 113.581 95.9601
Index 110 459.177 99.3497 Second 442.485 107.165
Index 111 260.188 165.176 Second 276.372 155.647
Index 112 425.76 26.8488 Second 416.468 34.3806
Index 113 49.1894 149.592 Second 65.1678 133.712
Index 114 426.33 144.626 Second 424.623 125.913
Index 115 146.754 360.11 Second 151.121 354.325
Index 116 303.651 53.6183 Second 314.845 58.1104
Index 117 495.218 181.922 Second 483.245 198.555
Index 118 74.1596 456.555 Second 82.0189 454.085
Index 119 207.749 203.794 Second 192.222 210.404
Index 120 298.353 506.692 Second 312.211 510.571
Index 121 208.174 253.107 Second 209.277 257.856
Index 122 572.967 291.916 Second 558.887 286.782
Index 123 372.954 180.37 Second 380.4 195.133
Index 124 401.996 38.8947 Second 416.468 34.3806
Index 125 25.9366 500.23 Second 30.3644 491.799
Index 126 259.69 73.4146 Second 274.538 78.5159
Index 127 544.856 46.306 Second 545.464 53.591
Index 128 209.892 204.101 Second 192.222 210.404
Index 129 429.608 544.937 Second 443.86 549.788
Index 130 362.282 178.299 Second 380.4 195.133
Index 131 436.095 124.171 Second 424.623 125.913
Index 132 362.285 285.94 Second 352.229 275.484
Index 133 68.0093 439.354 Second 77.4217 422.954
Index 134 150.779 170.586 Second 135.839 159.992
Index 135 270.563 314.789 Second 257.688 327.449
Index 136 470.836 84.0905 Second 482.362 89.4083
Index 137 391.496 192.131 Second 380.4 195.133
Index 138 547.178 86.8165 Second 549.817 74.7449
Index 139 69.202 111.729 Second 58.9347 102.479
Index 140 52.7288 159.815 Second 62.6856 175.779
Index 141 388.761 104.442 Second 394.743 105.195
Index 142 319.622 87.518 Second 301.989 86.8797
Index 143 205.697 202.152 Second 192.222 210.404
Index 144 479.501 319.99 Second 461.462 314.78
Index 145 492.972 101.585 Second 482.362 89.4083
Index 146 571.137 301.568 Second 585.079 309.069
Index 147 502.569 185.832 Second 483.245 198.555
Index 148 279.273 75.8755 Second 279.728 56.0443
Index 149 112.038 165.443 Second 102.671 176.353
Index 150 191.968 215.379 Second 192.222 210.404
Index 151 462.924 563.291 Second 443.86 549.788
Index 152 44.2412 186.726 Second 46.0831 192.057
Index 153 499.358 62.685 Second 499.362 57.65
Index 154 363.953 314.767 Second 349.049 326.559
Index 155 85.505 339.511 Second 99.7418 355.973
Index 156 109.159 494.452 Second 122.564 498.777
Index 157 466.438 562.876 Second 459.667 549.966
Index 158 205.733 197.634 Second 192.222 210.404
Index 159 253.908 326.34 Second 257.688 327.449
Index 160 304.462 328.35 Second 292.364 326.801
Index 161 87.3742 341.335 Second 99.7418 355.973
Index 162 375.627 179.177 Second 380.4 195.133
Index 163 434.678 59.0162 Second 453.253 44.6818
Index 164 354.136 560.299 Second 355.402 551.117
Index 165 432.884 123.404 Second 424.623 125.913
Index 166 509.335 320.64 Second 507.903 312.048
Index 167 372.5 64.0835 Second 377.778 74.0004
Index 168 268.569 225.1 Second 252.357 215.396
Index 169 307.83 52.9826 Second 324.519 43.8941
Index 170 252.252 324.426 Second 257.688 327.449
Index 171 117.009 208.508 Second 98.8504 191.142
Index 172 303.852 521.895 Second 317.263 520.958
Index 173 571.301 296.711 Second 585.079 309.069
Index 174 344.893 510.115 Second 355.907 509.047
Index 175 241.923 489.449 Second 247.962 508.022
Index 176 269.419 567.734 Second 283.73 569.45
Index 177 194.98 334.817 Second 176.51 321.536
Index 178 348.791 510.423 Second 355.907 509.047
Index 179 505.899 49.098 Second 499.362 57.65
Index 180 490.088 85.0106 Second 482.362 89.4083
Index 181 123.049 493.392 Second 105.111 490.123
Index 182 375.783 547.488 Second 384.363 537.675
Index 183 175.378 139.701 Second 180.94 153.074
Index 184 339.399 58.9882 Second 324.519 43.8941
Index 185 509.842 159.537 Second 510.991 151.268
Index 186 425.334 551.087 Second 436.648 558.371
Index 187 178.577 550.54 Second 165.252 549.393
Index 188 349.084 137.992 Second 342.714 125.901
Index 189 477.916 194.839 Second 483.245 198.555
Index 190 160.678 354.025 Second 151.121 354.325
Index 191 227.129 180.713 Second 236.276 161.683
Index 192 112.352 55.2476 Second 120.694 54.2423
Index 193 268.764 307.577 Second 256.505 289.839
Index 194 32.0506 459.749 Second 46.9098 479.585
Index 195 123.944 93.7736 Second 137.069 80.6571
Index 196 377.309 279.753 Second 392.883 284.251
Index 197 252.948 271.219 Second 263.78 277.853
Index 198 176.163 141.649 Second 165.951 139.356
Index 199 557.73 300.286 Second 545.285 304.062
Index 200 296.683 192.952 Second 287.051 174.843
Index 201 222.526 141.839 Second 236.276 161.683
Index 202 391.339 131.234 Second 376.839 115.977
Index 203 199.402 307.888 Second 216.57 293.936
Index 204 249.009 275.55 Second 263.78 277.853
Index 205 235.059 334.682 Second 251.891 317.689
Index 206 440.041 198.04 Second 455.314 205.617
Index 207 343.698 538.323 Second 332.596 553.469
Index 208 521.527 109.592 Second 501.885 128.475
Index 209 173.489 221.448 Second 192.222 210.404
Index 210 425.886 559.143 Second 433.785 541.247
Index 211 340.501 504.525 Second 355.907 509.047
Index 212 240.745 203.199 Second 248.083 205.171
Index 213 438.643 292.011 Second 434.107 291.213
Index 214 548.86 182.582 Second 567.111 184.216
Index 215 148.955 157.272 Second 165.951 139.356
Index 216 226.635 180.069 Second 236.276 161.683
Index 217 510.245 318.826 Second 507.903 312.048
Index 218 312.56 535.652 Second 305.082 529.136
Index 219 352.802 25.6673 Second 345.119 44.9587
Index 220 243.303 335.746 Second 251.891 317.689
Index 221 82.2643 518.11 Second 93.0084 498.178
Index 222 422.647 532.227 Second 440.094 534.515
Index 223 255.054 511.924 Second 247.142 493.611
Index 224 176.557 512.963 Second 188.419 516.837
Index 225 462.221 94.3763 Second 442.485 107.165
Index 226 384.577 87.6534 Second 377.778 74.0004
Index 227 440.263 200.392 Second 455.314 205.617
Index 228 360.831 53.2619 Second 345.119 44.9587
Index 229 338.411 498.455 Second 353.502 501.519
Index 230 397.365 119.674 Second 394.743 105.195
Index 231 384.365 95.3875 Second 394.743 105.195
Index 232 399.803 37.322 Second 416.468 34.3806
Index 233 155.09 208.529 Second 171.81 203.832
Index 234 295.965 86.877 Second 301.989 86.8797
Index 235 147.956 345.133 Second 151.121 354.325
Index 236 461.609 155.214 Second 443.013 145.402
Index 237 587.458 300.549 Second 585.079 309.069
Index 238 273.449 61.2437 Second 274.538 78.5159
Index 239 559.942 77.1096 Second 549.817 74.7449
Index 240 85.6012 60.9827 Second 83.6439 66.9346
Index 241 398.713 25.8523 Second 416.468 34.3806
Index 242 331.959 554.216 Second 346.482 561.097
Index 243 302.67 79.9705 Second 301.989 86.8797
Index 244 195.944 109.83 Second 214.072 113.063
Index 245 269.128 565.453 Second 283.73 569.45
Index 246 358.595 34.3841 Second 345.119 44.9587
Index 247 484.543 33.6391 Second 474.121 34.4434
Index 248 248.919 148.764 Second 236.276 161.683
Index 249 485.903 83.117 Second 482.362 89.4083
Index 250 342.061 188.352 Second 328.682 180.773
Index 251 306.914 111.533 Second 288.241 111.483
Index 252 240.813 333.729 Second 251.891 317.689
Index 253 186.804 226.594 Second 174.811 211.697
Index 254 491.597 321.805 Second 507.903 312.048
Index 255 271.612 211.447 Second 252.357 215.396
Index 256 472.897 62.984 Second 460.84 50.0277
Index 257 201.443 281.922 Second 207.272 286.574
Index 258 195.757 290.504 Second 207.272 286.574
Index 259 177.861 344.154 Second 187.377 355.302
Index 260 399.943 95.8968 Second 394.743 105.195
Index 261 109.436 41.9809 Second 120.694 54.2423
Index 262 356.385 298.446 Second 345.97 283.142
Index 263 318.297 81.1783 Second 301.989 86.8797
Index 264 373.611 188.277 Second 380.4 195.133
Index 265 405.065 528.32 Second 416.871 530.878
Index 266 281.803 274.632 Second 263.78 277.853
Index 267 251.962 336.248 Second 251.891 317.689
Index 268 107.455 563.978 Second 120.497 560.436
Index 269 340.023 515.578 Second 347.291 534.364
Index 270 193.257 330.349 Second 176.51 321.536
Index 271 154.105 480.859 Second 154.394 496.707
Index 272 407.265 124.038 Second 394.743 105.195
Index 273 380.364 25.3808 Second 396.601 40.798
Index 274 235.52 216.137 Second 252.357 215.396
Index 275 436.459 285.944 Second 434.107 291.213
Index 276 401.017 525.661 Second 416.871 530.878
Index 277 512.336 51.4636 Second 526.73 52.6905
Index 278 259.758 281.883 Second 243.189 287.054
Index 279 86.3365 538.102 Second 96.7999 520.111
Index 280 467.506 24.2884 Second 474.121 34.4434
Index 281 158.633 149.892 Second 165.951 139.356
Index 282 482.753 80.4782 Second 482.362 89.4083
Index 283 105.887 50.2843 Second 120.694 54.2423
Index 284 211.623 232.952 Second 229.106 242.417
Index 285 417.173 172.118 Second 406.59 167.239
Index 286 160.783 270.182 Second 150.89 258.904
Index 287 320.854 72.4377 Second 301.989 86.8797
Index 288 307.573 535.887 Second 320.347 541.485
Index 289 402.766 179.17 Second 406.59 167.239
Index 290 473.896 184.465 Second 482.78 193.881
Index 291 314.162 129.058 Second 328.511 135.758
Index 292 157.305 306.484 Second 176.51 321.536
Index 293 71.4946 398.313 Second 58.3847 415.438
Index 294 269.946 325.615 Second 257.688 327.449
Index 295 305.15 536.978 Second 320.347 541.485
Index 296 389.399 77.4416 Second 377.778 74.0004
Index 297 369.515 85.4776 Second 350.206 92.9108
