Index 0 277.526 533.093 Second 263.512 528.858
Index 1 28.0575 484.263 Second 33.1539 489.115
Index 2 360.272 568.134 Second 354.136 560.299
Index 3 325.628 539.94 Second 340.519 544.177
Index 4 122.564 498.777 Second 109.159 494.452
Index 5 185.491 271.619 Second 169.232 265.136
Index 6 377.73 525.111 Second 372.091 526.794
Index 7 276.853 562.158 Second 262.505 558.004
Index 8 424.775 534.07 Second 422.647 532.227
Index 9 278.622 506.831 Second 285.272 524.042
Index 10 320.347 541.485 Second 305.15 536.978
Index 11 310.223 510.539 Second 297.859 506.284
Index 12 63.1972 457.208 Second 68.2536 458.43
Index 13 193.587 465.222 Second 187.577 466.573
Index 14 40.3291 505.056 Second 38.7784 508.213
Index 15 205.206 496.063 Second 198.002 512.453
Index 16 105.357 448.747 Second 85.736 429.406
Index 17 363.229 546.929 Second 346.701 528.914
Index 18 270.694 544.859 Second 277.133 525.549
Index 19 60.3884 455.805 Second 68.2536 458.43
Index 20 138.965 511.823 Second 126.048 516.69
Index 21 367.592 553.035 Second 367.77 565.942
Index 22 234.176 537.828 Second 226.547 534.21
Index 23 305.082 529.136 Second 312.56 535.652
Index 24 312.211 510.571 Second 298.353 506.692
Index 25 46.0831 192.057 Second 44.2412 186.726
Index 26 326.377 288.669 Second 310.899 284.57
Index 27 89.5176 433.776 Second 81.6994 443.955
Index 28 269.903 494.235 Second 255.054 511.924
Index 29 207.272 286.574 Second 195.757 290.504
Index 30 372.181 550.086 Second 354.136 560.299
Index 31 309.275 520.524 Second 297.859 506.284
Index 32 460.84 50.0277 Second 475.7 30.0322
Index 33 317.889 525.29 Second 312.56 535.652
Index 34 360.502 533.244 Second 349.719 542.348
Index 35 51.7416 435.082 Second 32.611 421.15
Index 36 94.2324 78.9934 Second 75.8501 87.2833
Index 37 89.1835 480.456 Second 77.0996 477.825
Index 38 64.392 501.632 Second 82.2643 518.11
Index 39 86.0532 468.017 Second 68.2536 458.43
Index 40 276.372 155.647 Second 262.97 151.349
Index 41 341.316 278.041 Second 326.29 273.228
Index 42 133.229 534.907 Second 115.667 523.839
Index 43 346.482 561.097 Second 331.959 554.216
Index 44 205.614 505.986 Second 193.933 512.67
Index 45 241.09 540.948 Second 226.547 534.21
Index 46 46.9098 479.585 Second 32.0506 459.749
Index 47 174.811 211.697 Second 186.804 226.594
Index 48 176.51 321.536 Second 162.306 316.882
Index 49 361.263 518.003 Second 351.067 514.887
Index 50 345.97 283.142 Second 330.071 297.721
Index 51 46.4625 506.16 Second 29.5598 500.927
Index 52 242.45 292.7 Second 251.233 280.973
Index 53 435.699 294.367 Second 423.906 305.933
Index 54 75.514 448.597 Second 74.1596 456.555
Index 55 115.669 490.364 Second 123.049 493.392
Index 56 130.951 474.679 Second 123.049 493.392
Index 57 434.107 291.213 Second 423.906 305.933
Index 58 46.3253 493.781 Second 29.5598 500.927
Index 59 172.483 471.192 Second 154.105 480.859
Index 60 187.561 506.735 Second 198.002 512.453
Index 61 229.106 242.417 Second 211.623 232.952
Index 62 383.373 563.065 Second 367.77 565.942
Index 63 317.263 520.958 Second 303.852 521.895
Index 64 230.901 495.89 Second 241.923 489.449
Index 65 332.596 553.469 Second 343.698 538.323
Index 66 461.462 314.78 Second 448.417 310.391
Index 67 345.119 44.9587 Second 347.879 61.1753
Index 68 433.785 541.247 Second 419.944 556.589
Index 69 280.665 275.615 Second 298.176 288.352
Index 70 331.464 518.164 Second 312.56 535.652
Index 71 345.602 28.7081 Second 339.283 23.9831
Index 72 77.4217 422.954 Second 68.0093 439.354
Index 73 197.187 494.97 Second 198.002 512.453
Index 74 568.41 90.289 Second 559.942 77.1096
Index 75 466.382 207.76 Second 452.786 202.44
Index 76 390.072 285.585 Second 377.309 279.753
Index 77 229.176 531.294 Second 226.547 534.21
Index 78 72.6258 474.992 Second 68.2536 458.43
Index 79 181.589 522.587 Second 198.002 512.453
Index 80 188.419 516.837 Second 198.002 512.453
Index 81 62.0112 65.6719 Second 55.591 59.8636
Index 82 329.509 557.971 Second 340.519 544.177
Index 83 200.321 503.249 Second 198.002 512.453
Index 84 163.511 498.395 Second 166.083 506.865
Index 85 474.121 34.4434 Second 475.7 30.0322
Index 86 168.36 505.015 Second 166.083 506.865
Index 87 247.142 493.611 Second 255.054 511.924
Index 88 243.189 287.054 Second 259.758 281.883
Index 89 43.6347 327.484 Second 28.4966 320.804
Index 90 221.232 507.273 Second 206.034 523.617
Index 91 113.496 490.636 Second 123.049 493.392
Index 92 61.9536 187.065 Second 63.0221 197.358
Index 93 488.046 141.129 Second 471.86 138.446
Index 94 30.3644 491.799 Second 29.5598 500.927
Index 95 133.293 459.634 Second 151.279 466.109
Index 96 392.883 284.251 Second 377.309 279.753
Index 97 93.7256 479.884 Second 109.159 494.452
Index 98 187.377 355.302 Second 177.861 344.154
Index 99 57.3398 525.877 Second 75.0213 522.248
Index 100 303.678 304.768 Second 298.176 288.352
Index 101 236.46 253.778 Second 227.675 269.512
Index 102 590.562 268.723 Second 576.297 263.905
Index 103 83.6439 66.9346 Second 85.6012 60.9827
Index 104 154.154 380.831 Second 150.447 362.177
Index 105 75.2353 489.056 Second 93.7874 502.283
Index 106 311.024 521.252 Second 297.859 506.284
Index 107 172.253 420.667 Second 165.406 427.259
Index 108 40.9477 317.969 Second 28.4966 320.804
Index 109 388.896 534.753 Second 372.091 526.794
Index 110 260.954 480.722 Second 241.923 489.449
Index 111 65.1678 133.712 Second 49.1894 149.592
Index 112 436.648 558.371 Second 425.334 551.087
Index 113 72.8409 220.087 Second 59.8546 202.158
Index 114 322.351 555.113 Second 312.56 535.652
Index 115 507.903 312.048 Second 491.597 321.805
Index 116 378.979 568.04 Second 367.77 565.942
Index 117 292.364 326.801 Second 290.079 309.816
Index 118 378.084 561.829 Second 387.007 554.278
Index 119 350.206 92.9108 Second 349.662 100.333
Index 120 443.86 549.788 Second 429.608 544.937
Index 121 217.808 459.574 Second 215.882 470.092
Index 122 296.083 278.844 Second 298.176 288.352
Index 123 296.865 522.681 Second 285.272 524.042
Index 124 466.895 210.184 Second 452.786 202.44
Index 125 390.695 104.699 Second 372.768 99.5554
Index 126 123.227 508.86 Second 109.159 494.452
Index 127 304.495 251.19 Second 302.063 234.041
Index 128 187.761 470.121 Second 202.447 488.996
Index 129 328.511 135.758 Second 328.917 121.507
Index 130 279.728 56.0443 Second 273.449 61.2437
Index 131 112.769 477.465 Second 109.159 494.452
Index 132 572.356 38.7108 Second 566.924 58.1352
Index 133 380.414 531.146 Second 372.091 526.794
Index 134 74.1777 445.86 Second 74.1596 456.555
Index 135 260.981 510.905 Second 277.133 525.549
Index 136 355.907 509.047 Second 338.411 498.455
Index 137 202.374 504.952 Second 193.933 512.67
Index 138 151.121 354.325 Second 160.678 354.025
Index 139 82.0189 454.085 Second 74.1596 456.555
Index 140 377.724 532.599 Second 372.091 526.794
Index 141 164.426 370.48 Second 150.447 362.177
Index 142 304.632 542.386 Second 312.56 535.652
Index 143 402.924 547.968 Second 419.944 556.589
Index 144 184.019 351.665 Second 177.861 344.154
Index 145 39.714 430.515 Second 56.758 415.824
Index 146 376.635 290.201 Second 357.356 306.613
Index 147 526.73 52.6905 Second 533.406 69.2413
Index 148 475.979 273.827 Second 488.236 288.207
Index 149 157.834 55.1282 Second 170.067 73.4129
Index 150 236.276 161.683 Second 252.594 178.466
Index 151 363.799 93.4809 Second 359.086 92.9816
Index 152 92.3265 111.144 Second 73.2835 98.1797
Index 153 416.468 34.3806 Second 398.713 25.8523
Index 154 574.493 66.9607 Second 560.255 79.9268
Index 155 373.279 569.64 Second 367.77 565.942
Index 156 207.964 457.703 Second 215.882 470.092
Index 157 510.991 151.268 Second 507.03 138.268
Index 158 53.4289 212.843 Second 63.0221 197.358
Index 159 278.826 543.454 Second 277.133 525.549
Index 160 164.56 480.296 Second 154.105 480.859
Index 161 132.544 483.679 Second 123.049 493.392
Index 162 349.049 326.559 Second 357.356 306.613
Index 163 29.0958 200.949 Second 33.3389 188.923
Index 164 536.064 37.5217 Second 517.634 30.7768
Index 165 36.1263 458.132 Second 32.0506 459.749
Index 166 328.682 180.773 Second 340.011 164.272
Index 167 453.253 44.6818 Second 434.144 49.3643
Index 168 192.222 210.404 Second 205.697 202.152
Index 169 312.068 547.552 Second 312.56 535.652
Index 170 105.111 490.123 Second 123.049 493.392
Index 171 84.1371 489.216 Second 93.7874 502.283
Index 172 146.137 512.584 Second 166.083 506.865
Index 173 137.069 80.6571 Second 123.944 93.7736
Index 174 353.502 501.519 Second 338.411 498.455
Index 175 377.778 74.0004 Second 381.362 62.4039
Index 176 104.776 173.053 Second 97.9187 176.852
Index 177 500.439 128.214 Second 480.639 133.077
Index 178 214.437 244.956 Second 208.174 253.107
Index 179 580.681 62.6729 Second 566.924 58.1352
Index 180 161.18 54.5948 Second 170.067 73.4129
Index 181 408.497 520.492 Second 422.647 532.227
Index 182 93.6974 211.072 Second 80.7184 194.167
Index 183 478.45 204.452 Second 498.072 195.592
Index 184 195.867 469.279 Second 202.447 488.996
Index 185 96.7999 520.111 Second 115.667 523.839
Index 186 113.581 95.9601 Second 129.771 109.347
Index 187 545.464 53.591 Second 533.406 69.2413
Index 188 221.6 457.672 Second 214.467 475.614
Index 189 253.991 287.209 Second 251.233 280.973
Index 190 26.6812 199.199 Second 33.3389 188.923
Index 191 50.8714 492.072 Second 33.1539 489.115
Index 192 288.241 111.483 Second 306.914 111.533
Index 193 26.7986 379.36 Second 36.8877 374.602
Index 194 252.357 215.396 Second 240.745 203.199
Index 195 220.195 484.199 Second 221.343 484.224
Index 196 546.725 381.384 Second 532.657 376
Index 197 235.954 240.597 Second 245.316 245.302
Index 198 483.245 198.555 Second 477.916 194.839
Index 199 482.78 193.881 Second 473.896 184.465
Index 200 479.43 202.512 Second 498.072 195.592
Index 201 121.338 520.515 Second 106.867 514.71
Index 202 29.3913 379.637 Second 36.8877 374.602
Index 203 154.394 496.707 Second 154.105 480.859
Index 204 135.839 159.992 Second 148.955 157.272
Index 205 90.5857 460.695 Second 74.1596 456.555
Index 206 120.694 54.2423 Second 105.887 50.2843
Index 207 324.519 43.8941 Second 318.986 41.9186
Index 208 350.746 92.5144 Second 349.662 100.333
Index 209 165.814 483.197 Second 154.105 480.859
Index 210 514.178 68.5545 Second 500.816 62.7967
Index 211 220.154 471.571 Second 215.882 470.092
Index 212 283.73 569.45 Second 269.128 565.453
Index 213 67.9374 505.643 Second 75.0213 522.248
Index 214 114.332 373.171 Second 116.601 354.827
Index 215 101.301 395.795 Second 93.1731 406.96
Index 216 34.1233 506.562 Second 38.7784 508.213
Index 217 394.743 105.195 Second 397.365 119.674
Index 218 501.885 128.475 Second 507.03 138.268
Index 219 85.2002 455.892 Second 74.1596 456.555
