80 -20 -20
80 -19 -20
80 -18 -20
80 -17 -20
80 -16 -20
80 -15 -20
80 -14 -20
80 -13 -20
80 -12 -20
80 -11 -20
80 -10 -20
80 -9 -20
80 -8 -20
80 -7 -20
80 -6 -20
80 -5 -20
80 -4 -20
80 -3 -20
80 -2 -20
80 -1 -20
80 0 -20
80 1 -20
80 2 -20
80 3 -20
80 4 -20
80 5 -20
80 6 -20
80 7 -20
80 8 -20
80 9 -20
80 10 -20
80 11 -20
80 12 -20
80 13 -20
80 14 -20
80 15 -20
80 16 -20
80 17 -20
80 18 -20
80 19 -20
80 20 -20
80 -20 -19
80 -19 -19
80 -18 -19
80 -17 -19
80 -16 -19
80 -15 -19
80 -14 -19
80 -13 -19
80 -12 -19
80 -11 -19
80 -10 -19
80 -9 -19
80 -8 -19
80 -7 -19
80 -6 -19
80 -5 -19
80 -4 -19
80 -3 -19
80 -2 -19
80 -1 -19
80 0 -19
80 1 -19
80 2 -19
80 3 -19
80 4 -19
80 5 -19
80 6 -19
80 7 -19
80 8 -19
80 9 -19
80 10 -19
80 11 -19
80 12 -19
80 13 -19
80 14 -19
80 15 -19
80 16 -19
80 17 -19
80 18 -19
80 19 -19
80 20 -19
80 -20 -18
80 -19 -18
80 -18 -18
80 -17 -18
80 -16 -18
80 -15 -18
80 -14 -18
80 -13 -18
80 -12 -18
80 -11 -18
80 -10 -18
80 -9 -18
80 -8 -18
80 -7 -18
80 -6 -18
80 -5 -18
80 -4 -18
80 -3 -18
80 -2 -18
80 -1 -18
80 0 -18
80 1 -18
80 2 -18
80 3 -18
80 4 -18
80 5 -18
80 6 -18
80 7 -18
80 8 -18
80 9 -18
80 10 -18
80 11 -18
80 12 -18
80 13 -18
80 14 -18
80 15 -18
80 16 -18
80 17 -18
80 18 -18
80 19 -18
80 20 -18
80 -20 -17
80 -19 -17
80 -18 -17
80 -17 -17
80 -16 -17
80 -15 -17
80 -14 -17
80 -13 -17
80 -12 -17
80 -11 -17
80 -10 -17
80 -9 -17
80 -8 -17
80 -7 -17
80 -6 -17
80 -5 -17
80 -4 -17
80 -3 -17
80 -2 -17
80 -1 -17
80 0 -17
80 1 -17
80 2 -17
80 3 -17
80 4 -17
80 5 -17
80 6 -17
80 7 -17
80 8 -17
80 9 -17
80 10 -17
80 11 -17
80 12 -17
80 13 -17
80 14 -17
80 15 -17
80 16 -17
80 17 -17
80 18 -17
80 19 -17
80 20 -17
80 -20 -16
80 -19 -16
80 -18 -16
80 -17 -16
80 -16 -16
80 -15 -16
80 -14 -16
80 -13 -16
80 -12 -16
80 -11 -16
80 -10 -16
80 -9 -16
80 -8 -16
80 -7 -16
80 -6 -16
80 -5 -16
80 -4 -16
80 -3 -16
75 -2 -16
75 -1 -16
75 0 -16
75 1 -16
75 2 -16
80 3 -16
80 4 -16
80 5 -16
80 6 -16
80 7 -16
80 8 -16
80 9 -16
80 10 -16
80 11 -16
80 12 -16
80 13 -16
80 14 -16
80 15 -16
80 16 -16
80 17 -16
80 18 -16
80 19 -16
80 20 -16
80 -20 -15
80 -19 -15
80 -18 -15
80 -17 -15
80 -16 -15
80 -15 -15
80 -14 -15
80 -13 -15
80 -12 -15
80 -11 -15
80 -10 -15
80 -9 -15
80 -8 -15
80 -7 -15
80 -6 -15
74 -5 -15
74 -4 -15
74 -3 -15
75 -2 -15
75 -1 -15
75 0 -15
75 1 -15
75 2 -15
76 3 -15
76 4 -15
76 5 -15
80 6 -15
80 7 -15
80 8 -15
80 9 -15
80 10 -15
80 11 -15
80 12 -15
80 13 -15
80 14 -15
80 15 -15
80 16 -15
80 17 -15
80 18 -15
80 19 -15
80 20 -15
80 -20 -14
80 -19 -14
80 -18 -14
80 -17 -14
80 -16 -14
80 -15 -14
80 -14 -14
80 -13 -14
80 -12 -14
80 -11 -14
80 -10 -14
80 -9 -14
73 -8 -14
74 -7 -14
74 -6 -14
74 -5 -14
74 -4 -14
74 -3 -14
75 -2 -14
75 -1 -14
75 0 -14
75 1 -14
75 2 -14
76 3 -14
76 4 -14
76 5 -14
76 6 -14
77 7 -14
77 8 -14
80 9 -14
80 10 -14
80 11 -14
80 12 -14
80 13 -14
80 14 -14
80 15 -14
80 16 -14
80 17 -14
80 18 -14
80 19 -14
80 20 -14
80 -20 -13
80 -19 -13
80 -18 -13
80 -17 -13
80 -16 -13
80 -15 -13
80 -14 -13
80 -13 -13
80 -12 -13
80 -11 -13
80 -10 -13
73 -9 -13
73 -8 -13
73 -7 -13
74 -6 -13
74 -5 -13
74 -4 -13
74 -3 -13
75 -2 -13
75 -1 -13
75 0 -13
75 1 -13
76 2 -13
76 3 -13
76 4 -13
76 5 -13
76 6 -13
77 7 -13
77 8 -13
77 9 -13
80 10 -13
80 11 -13
80 12 -13
80 13 -13
80 14 -13
80 15 -13
80 16 -13
80 17 -13
80 18 -13
80 19 -13
80 20 -13
80 -20 -12
80 -19 -12
80 -18 -12
80 -17 -12
80 -16 -12
80 -15 -12
80 -14 -12
80 -13 -12
80 -12 -12
80 -11 -12
73 -10 -12
73 -9 -12
73 -8 -12
73 -7 -12
74 -6 -12
74 -5 -12
74 -4 -12
74 -3 -12
75 -2 -12
75 -1 -12
75 0 -12
75 1 -12
76 2 -12
76 3 -12
76 4 -12
76 5 -12
77 6 -12
77 7 -12
77 8 -12
77 9 -12
77 10 -12
80 11 -12
80 12 -12
80 13 -12
80 14 -12
80 15 -12
80 16 -12
80 17 -12
80 18 -12
80 19 -12
80 20 -12
80 -20 -11
80 -19 -11
80 -18 -11
80 -17 -11
80 -16 -11
80 -15 -11
80 -14 -11
80 -13 -11
80 -12 -11
73 -11 -11
73 -10 -11
73 -9 -11
73 -8 -11
73 -7 -11
73 -6 -11
74 -5 -11
74 -4 -11
74 -3 -11
74 -2 -11
75 -1 -11
75 0 -11
75 1 -11
76 2 -11
76 3 -11
76 4 -11
76 5 -11
77 6 -11
77 7 -11
77 8 -11
77 9 -11
77 10 -11
78 11 -11
80 12 -11
80 13 -11
80 14 -11
80 15 -11
80 16 -11
80 17 -11
80 18 -11
80 19 -11
80 20 -11
80 -20 -10
80 -19 -10
80 -18 -10
80 -17 -10
80 -16 -10
80 -15 -10
80 -14 -10
80 -13 -10
72 -12 -10
72 -11 -10
73 -10 -10
73 -9 -10
73 -8 -10
73 -7 -10
73 -6 -10
74 -5 -10
74 -4 -10
54 -3 -10
54 -2 -10
55 -1 -10
55 0 -10
55 1 -10
56 2 -10
56 3 -10
76 4 -10
77 5 -10
77 6 -10
77 7 -10
77 8 -10
77 9 -10
78 10 -10
78 11 -10
78 12 -10
80 13 -10
80 14 -10
80 15 -10
80 16 -10
80 17 -10
80 18 -10
80 19 -10
80 20 -10
80 -20 -9
80 -19 -9
80 -18 -9
80 -17 -9
80 -16 -9
80 -15 -9
80 -14 -9
72 -13 -9
72 -12 -9
72 -11 -9
72 -10 -9
73 -9 -9
73 -8 -9
73 -7 -9
73 -6 -9
53 -5 -9
54 -4 -9
54 -3 -9
54 -2 -9
55 -1 -9
55 0 -9
55 1 -9
56 2 -9
56 3 -9
56 4 -9
57 5 -9
77 6 -9
77 7 -9
77 8 -9
78 9 -9
78 10 -9
78 11 -9
78 12 -9
78 13 -9
80 14 -9
80 15 -9
80 16 -9
80 17 -9
80 18 -9
80 19 -9
80 20 -9
80 -20 -8
80 -19 -8
80 -18 -8
80 -17 -8
80 -16 -8
80 -15 -8
72 -14 -8
72 -13 -8
72 -12 -8
72 -11 -8
72 -10 -8
72 -9 -8
73 -8 -8
73 -7 -8
53 -6 -8
53 -5 -8
54 -4 -8
54 -3 -8
54 -2 -8
55 -1 -8
55 0 -8
55 1 -8
56 2 -8
56 3 -8
57 4 -8
57 5 -8
57 6 -8
77 7 -8
78 8 -8
78 9 -8
78 10 -8
78 11 -8
78 12 -8
78 13 -8
78 14 -8
80 15 -8
80 16 -8
80 17 -8
80 18 -8
80 19 -8
80 20 -8
80 -20 -7
80 -19 -7
80 -18 -7
80 -17 -7
80 -16 -7
80 -15 -7
72 -14 -7
72 -13 -7
72 -12 -7
72 -11 -7
72 -10 -7
72 -9 -7
72 -8 -7
53 -7 -7
53 -6 -7
53 -5 -7
53 -4 -7
54 -3 -7
54 -2 -7
55 -1 -7
55 0 -7
55 1 -7
56 2 -7
56 3 -7
57 4 -7
57 5 -7
57 6 -7
58 7 -7
78 8 -7
78 9 -7
78 10 -7
78 11 -7
78 12 -7
78 13 -7
79 14 -7
80 15 -7
80 16 -7
80 17 -7
80 18 -7
80 19 -7
80 20 -7
80 -20 -6
80 -19 -6
80 -18 -6
80 -17 -6
80 -16 -6
80 -15 -6
71 -14 -6
71 -13 -6
72 -12 -6
72 -11 -6
72 -10 -6
72 -9 -6
52 -8 -6
52 -7 -6
53 -6 -6
53 -5 -6
53 -4 -6
34 -3 -6
34 -2 -6
35 -1 -6
35 0 -6
36 1 -6
36 2 -6
37 3 -6
57 4 -6
57 5 -6
58 6 -6
58 7 -6
58 8 -6
78 9 -6
78 10 -6
78 11 -6
79 12 -6
79 13 -6
79 14 -6
80 15 -6
80 16 -6
80 17 -6
80 18 -6
80 19 -6
80 20 -6
80 -20 -5
80 -19 -5
80 -18 -5
80 -17 -5
80 -16 -5
71 -15 -5
71 -14 -5
71 -13 -5
71 -12 -5
71 -11 -5
72 -10 -5
52 -9 -5
52 -8 -5
52 -7 -5
52 -6 -5
53 -5 -5
33 -4 -5
33 -3 -5
34 -2 -5
34 -1 -5
35 0 -5
36 1 -5
36 2 -5
37 3 -5
37 4 -5
58 5 -5
58 6 -5
58 7 -5
58 8 -5
58 9 -5
79 10 -5
79 11 -5
79 12 -5
79 13 -5
79 14 -5
79 15 -5
80 16 -5
80 17 -5
80 18 -5
80 19 -5
80 20 -5
80 -20 -4
80 -19 -4
80 -18 -4
80 -17 -4
80 -16 -4
71 -15 -4
71 -14 -4
71 -13 -4
71 -12 -4
71 -11 -4
71 -10 -4
51 -9 -4
52 -8 -4
52 -7 -4
52 -6 -4
32 -5 -4
33 -4 -4
33 -3 -4
34 -2 -4
14 -1 -4
15 0 -4
16 1 -4
37 2 -4
37 3 -4
38 4 -4
38 5 -4
58 6 -4
58 7 -4
59 8 -4
59 9 -4
79 10 -4
79 11 -4
79 12 -4
79 13 -4
79 14 -4
79 15 -4
80 16 -4
80 17 -4
80 18 -4
80 19 -4
80 20 -4
80 -20 -3
80 -19 -3
80 -18 -3
80 -17 -3
80 -16 -3
71 -15 -3
71 -14 -3
71 -13 -3
71 -12 -3
71 -11 -3
51 -10 -3
51 -9 -3
51 -8 -3
51 -7 -3
32 -6 -3
32 -5 -3
32 -4 -3
13 -3 -3
13 -2 -3
14 -1 -3
15 0 -3
16 1 -3
17 2 -3
18 3 -3
38 4 -3
38 5 -3
39 6 -3
59 7 -3
59 8 -3
59 9 -3
59 10 -3
79 11 -3
79 12 -3
79 13 -3
79 14 -3
79 15 -3
80 16 -3
80 17 -3
80 18 -3
80 19 -3
80 20 -3
80 -20 -2
80 -19 -2
80 -18 -2
80 -17 -2
70 -16 -2
70 -15 -2
70 -14 -2
71 -13 -2
71 -12 -2
71 -11 -2
51 -10 -2
51 -9 -2
51 -8 -2
51 -7 -2
31 -6 -2
31 -5 -2
32 -4 -2
12 -3 -2
80 -2 -2
80 -1 -2
80 0 -2
80 1 -2
80 2 -2
18 3 -2
39 4 -2
39 5 -2
39 6 -2
59 7 -2
59 8 -2
59 9 -2
59 10 -2
79 11 -2
60 12 -2
60 13 -2
60 14 -2
60 15 -2
60 16 -2
80 17 -2
80 18 -2
80 19 -2
80 20 -2
80 -20 -1
80 -19 -1
80 -18 -1
80 -17 -1
70 -16 -1
70 -15 -1
70 -14 -1
70 -13 -1
70 -12 -1
70 -11 -1
50 -10 -1
50 -9 -1
50 -8 -1
50 -7 -1
31 -6 -1
31 -5 -1
11 -4 -1
11 -3 -1
80 -2 -1
80 -1 -1
80 0 -1
80 1 -1
80 2 -1
19 3 -1
19 4 -1
39 5 -1
20 6 -1
40 7 -1
40 8 -1
40 9 -1
40 10 -1
60 11 -1
60 12 -1
60 13 -1
60 14 -1
60 15 -1
60 16 -1
80 17 -1
80 18 -1
80 19 -1
80 20 -1
80 -20 0
80 -19 0
80 -18 0
80 -17 0
70 -16 0
70 -15 0
70 -14 0
70 -13 0
70 -12 0
70 -11 0
50 -10 0
50 -9 0
50 -8 0
50 -7 0
30 -6 0
30 -5 0
10 -4 0
10 -3 0
80 -2 0
80 -1 0
80 0 0
80 1 0
80 2 0
0 3 0
0 4 0
20 5 0
20 6 0
40 7 0
40 8 0
40 9 0
40 10 0
60 11 0
60 12 0
60 13 0
60 14 0
60 15 0
60 16 0
80 17 0
80 18 0
80 19 0
80 20 0
80 -20 1
80 -19 1
80 -18 1
80 -17 1
70 -16 1
70 -15 1
70 -14 1
70 -13 1
70 -12 1
70 -11 1
50 -10 1
50 -9 1
50 -8 1
50 -7 1
30 -6 1
29 -5 1
9 -4 1
9 -3 1
80 -2 1
80 -1 1
80 0 1
80 1 1
80 2 1
1 3 1
1 4 1
21 5 1
21 6 1
40 7 1
40 8 1
40 9 1
40 10 1
60 11 1
60 12 1
60 13 1
60 14 1
60 15 1
60 16 1
80 17 1
80 18 1
80 19 1
80 20 1
80 -20 2
80 -19 2
80 -18 2
80 -17 2
70 -16 2
70 -15 2
70 -14 2
70 -13 2
70 -12 2
69 -11 2
49 -10 2
49 -9 2
49 -8 2
49 -7 2
29 -6 2
29 -5 2
29 -4 2
8 -3 2
80 -2 2
80 -1 2
80 0 2
80 1 2
80 2 2
2 3 2
22 4 2
21 5 2
21 6 2
41 7 2
41 8 2
41 9 2
41 10 2
61 11 2
61 12 2
61 13 2
60 14 2
60 15 2
60 16 2
80 17 2
80 18 2
80 19 2
80 20 2
80 -20 3
80 -19 3
80 -18 3
80 -17 3
80 -16 3
69 -15 3
69 -14 3
69 -13 3
69 -12 3
69 -11 3
49 -10 3
49 -9 3
49 -8 3
49 -7 3
29 -6 3
28 -5 3
28 -4 3
8 -3 3
7 -2 3
6 -1 3
5 0 3
4 1 3
3 2 3
3 3 3
22 4 3
22 5 3
22 6 3
41 7 3
41 8 3
41 9 3
41 10 3
61 11 3
61 12 3
61 13 3
61 14 3
61 15 3
80 16 3
80 17 3
80 18 3
80 19 3
80 20 3
80 -20 4
80 -19 4
80 -18 4
80 -17 4
80 -16 4
69 -15 4
69 -14 4
69 -13 4
69 -12 4
69 -11 4
69 -10 4
49 -9 4
49 -8 4
48 -7 4
48 -6 4
28 -5 4
28 -4 4
27 -3 4
27 -2 4
6 -1 4
5 0 4
4 1 4
24 2 4
23 3 4
23 4 4
22 5 4
42 6 4
42 7 4
42 8 4
41 9 4
61 10 4
61 11 4
61 12 4
61 13 4
61 14 4
61 15 4
80 16 4
80 17 4
80 18 4
80 19 4
80 20 4
80 -20 5
80 -19 5
80 -18 5
80 -17 5
80 -16 5
69 -15 5
69 -14 5
69 -13 5
69 -12 5
69 -11 5
69 -10 5
48 -9 5
48 -8 5
48 -7 5
48 -6 5
48 -5 5
27 -4 5
27 -3 5
26 -2 5
26 -1 5
25 0 5
24 1 5
24 2 5
23 3 5
23 4 5
43 5 5
42 6 5
42 7 5
42 8 5
42 9 5
62 10 5
61 11 5
61 12 5
61 13 5
61 14 5
61 15 5
80 16 5
80 17 5
80 18 5
80 19 5
80 20 5
80 -20 6
80 -19 6
80 -18 6
80 -17 6
80 -16 6
80 -15 6
69 -14 6
69 -13 6
69 -12 6
68 -11 6
68 -10 6
68 -9 6
48 -8 6
48 -7 6
48 -6 6
47 -5 6
47 -4 6
27 -3 6
26 -2 6
26 -1 6
25 0 6
25 1 6
24 2 6
24 3 6
43 4 6
43 5 6
43 6 6
42 7 6
42 8 6
62 9 6
62 10 6
62 11 6
62 12 6
61 13 6
61 14 6
80 15 6
80 16 6
80 17 6
80 18 6
80 19 6
80 20 6
80 -20 7
80 -19 7
80 -18 7
80 -17 7
80 -16 7
80 -15 7
69 -14 7
68 -13 7
68 -12 7
68 -11 7
68 -10 7
68 -9 7
68 -8 7
48 -7 7
47 -6 7
47 -5 7
47 -4 7
46 -3 7
46 -2 7
45 -1 7
45 0 7
45 1 7
44 2 7
44 3 7
43 4 7
43 5 7
43 6 7
43 7 7
62 8 7
62 9 7
62 10 7
62 11 7
62 12 7
62 13 7
62 14 7
80 15 7
80 16 7
80 17 7
80 18 7
80 19 7
80 20 7
80 -20 8
80 -19 8
80 -18 8
80 -17 8
80 -16 8
80 -15 8
68 -14 8
68 -13 8
68 -12 8
68 -11 8
68 -10 8
68 -9 8
68 -8 8
67 -7 8
47 -6 8
47 -5 8
47 -4 8
46 -3 8
46 -2 8
45 -1 8
45 0 8
45 1 8
44 2 8
44 3 8
44 4 8
43 5 8
43 6 8
63 7 8
63 8 8
62 9 8
62 10 8
62 11 8
62 12 8
62 13 8
62 14 8
80 15 8
80 16 8
80 17 8
80 18 8
80 19 8
80 20 8
80 -20 9
80 -19 9
80 -18 9
80 -17 9
80 -16 9
80 -15 9
80 -14 9
68 -13 9
68 -12 9
68 -11 9
68 -10 9
68 -9 9
67 -8 9
67 -7 9
67 -6 9
47 -5 9
46 -4 9
46 -3 9
46 -2 9
45 -1 9
45 0 9
45 1 9
44 2 9
44 3 9
44 4 9
43 5 9
63 6 9
63 7 9
63 8 9
63 9 9
62 10 9
62 11 9
62 12 9
62 13 9
80 14 9
80 15 9
80 16 9
80 17 9
80 18 9
80 19 9
80 20 9
80 -20 10
80 -19 10
80 -18 10
80 -17 10
80 -16 10
80 -15 10
80 -14 10
80 -13 10
68 -12 10
68 -11 10
68 -10 10
67 -9 10
67 -8 10
67 -7 10
67 -6 10
67 -5 10
66 -4 10
46 -3 10
46 -2 10
45 -1 10
45 0 10
45 1 10
44 2 10
44 3 10
64 4 10
64 5 10
63 6 10
63 7 10
63 8 10
63 9 10
63 10 10
62 11 10
62 12 10
80 13 10
80 14 10
80 15 10
80 16 10
80 17 10
80 18 10
80 19 10
80 20 10
80 -20 11
80 -19 11
80 -18 11
80 -17 11
80 -16 11
80 -15 11
80 -14 11
80 -13 11
80 -12 11
68 -11 11
67 -10 11
67 -9 11
67 -8 11
67 -7 11
67 -6 11
66 -5 11
66 -4 11
66 -3 11
66 -2 11
65 -1 11
65 0 11
65 1 11
64 2 11
64 3 11
64 4 11
64 5 11
63 6 11
63 7 11
63 8 11
63 9 11
63 10 11
63 11 11
80 12 11
80 13 11
80 14 11
80 15 11
80 16 11
80 17 11
80 18 11
80 19 11
80 20 11
80 -20 12
80 -19 12
80 -18 12
80 -17 12
80 -16 12
80 -15 12
80 -14 12
80 -13 12
80 -12 12
80 -11 12
67 -10 12
67 -9 12
67 -8 12
67 -7 12
67 -6 12
66 -5 12
66 -4 12
66 -3 12
66 -2 12
65 -1 12
65 0 12
65 1 12
65 2 12
64 3 12
64 4 12
64 5 12
64 6 12
63 7 12
63 8 12
63 9 12
63 10 12
80 11 12
80 12 12
80 13 12
80 14 12
80 15 12
80 16 12
80 17 12
80 18 12
80 19 12
80 20 12
80 -20 13
80 -19 13
80 -18 13
80 -17 13
80 -16 13
80 -15 13
80 -14 13
80 -13 13
80 -12 13
80 -11 13
80 -10 13
67 -9 13
67 -8 13
67 -7 13
66 -6 13
66 -5 13
66 -4 13
66 -3 13
66 -2 13
65 -1 13
65 0 13
65 1 13
65 2 13
64 3 13
64 4 13
64 5 13
64 6 13
63 7 13
63 8 13
63 9 13
80 10 13
80 11 13
80 12 13
80 13 13
80 14 13
80 15 13
80 16 13
80 17 13
80 18 13
80 19 13
80 20 13
80 -20 14
80 -19 14
80 -18 14
80 -17 14
80 -16 14
80 -15 14
80 -14 14
80 -13 14
80 -12 14
80 -11 14
80 -10 14
80 -9 14
67 -8 14
67 -7 14
66 -6 14
66 -5 14
66 -4 14
66 -3 14
65 -2 14
65 -1 14
65 0 14
65 1 14
65 2 14
64 3 14
64 4 14
64 5 14
64 6 14
64 7 14
63 8 14
80 9 14
80 10 14
80 11 14
80 12 14
80 13 14
80 14 14
80 15 14
80 16 14
80 17 14
80 18 14
80 19 14
80 20 14
80 -20 15
80 -19 15
80 -18 15
80 -17 15
80 -16 15
80 -15 15
80 -14 15
80 -13 15
80 -12 15
80 -11 15
80 -10 15
80 -9 15
80 -8 15
80 -7 15
80 -6 15
66 -5 15
66 -4 15
66 -3 15
65 -2 15
65 -1 15
65 0 15
65 1 15
65 2 15
64 3 15
64 4 15
64 5 15
80 6 15
80 7 15
80 8 15
80 9 15
80 10 15
80 11 15
80 12 15
80 13 15
80 14 15
80 15 15
80 16 15
80 17 15
80 18 15
80 19 15
80 20 15
80 -20 16
80 -19 16
80 -18 16
80 -17 16
80 -16 16
80 -15 16
80 -14 16
80 -13 16
80 -12 16
80 -11 16
80 -10 16
80 -9 16
80 -8 16
80 -7 16
80 -6 16
80 -5 16
80 -4 16
80 -3 16
65 -2 16
65 -1 16
65 0 16
65 1 16
65 2 16
80 3 16
80 4 16
80 5 16
80 6 16
80 7 16
80 8 16
80 9 16
80 10 16
80 11 16
80 12 16
80 13 16
80 14 16
80 15 16
80 16 16
80 17 16
80 18 16
80 19 16
80 20 16
80 -20 17
80 -19 17
80 -18 17
80 -17 17
80 -16 17
80 -15 17
80 -14 17
80 -13 17
80 -12 17
80 -11 17
80 -10 17
80 -9 17
80 -8 17
80 -7 17
80 -6 17
80 -5 17
80 -4 17
80 -3 17
80 -2 17
80 -1 17
80 0 17
80 1 17
80 2 17
80 3 17
80 4 17
80 5 17
80 6 17
80 7 17
80 8 17
80 9 17
80 10 17
80 11 17
80 12 17
80 13 17
80 14 17
80 15 17
80 16 17
80 17 17
80 18 17
80 19 17
80 20 17
80 -20 18
80 -19 18
80 -18 18
80 -17 18
80 -16 18
80 -15 18
80 -14 18
80 -13 18
80 -12 18
80 -11 18
80 -10 18
80 -9 18
80 -8 18
80 -7 18
80 -6 18
80 -5 18
80 -4 18
80 -3 18
80 -2 18
80 -1 18
80 0 18
80 1 18
80 2 18
80 3 18
80 4 18
80 5 18
80 6 18
80 7 18
80 8 18
80 9 18
80 10 18
80 11 18
80 12 18
80 13 18
80 14 18
80 15 18
80 16 18
80 17 18
80 18 18
80 19 18
80 20 18
80 -20 19
80 -19 19
80 -18 19
80 -17 19
80 -16 19
80 -15 19
80 -14 19
80 -13 19
80 -12 19
80 -11 19
80 -10 19
80 -9 19
80 -8 19
80 -7 19
80 -6 19
80 -5 19
80 -4 19
80 -3 19
80 -2 19
80 -1 19
80 0 19
80 1 19
80 2 19
80 3 19
80 4 19
80 5 19
80 6 19
80 7 19
80 8 19
80 9 19
80 10 19
80 11 19
80 12 19
80 13 19
80 14 19
80 15 19
80 16 19
80 17 19
80 18 19
80 19 19
80 20 19
80 -20 20
80 -19 20
80 -18 20
80 -17 20
80 -16 20
80 -15 20
80 -14 20
80 -13 20
80 -12 20
80 -11 20
80 -10 20
80 -9 20
80 -8 20
80 -7 20
80 -6 20
80 -5 20
80 -4 20
80 -3 20
80 -2 20
80 -1 20
80 0 20
80 1 20
80 2 20
80 3 20
80 4 20
80 5 20
80 6 20
80 7 20
80 8 20
80 9 20
80 10 20
80 11 20
80 12 20
80 13 20
80 14 20
80 15 20
80 16 20
80 17 20
80 18 20
80 19 20
80 20 20
