Cluster 0 :
0.361675 -0.968993 
0.317484 -0.860286 
0.2772 -0.880306 
0.179907 -0.88641 
0.131504 -0.853633 
0.193457 -0.925047 
0.36259 -0.757622 
0.259682 -0.942381 
0.313883 -0.832209 
0.291116 -0.848994 
0.229896 -0.864009 
Cluster 1 :
0.874813 -0.38731 
0.758721 -0.302286 
0.880856 -0.337138 
0.871822 -0.36137 
0.955748 -0.229774 
0.767571 -0.361553 
0.931394 -0.461715 
0.913022 -0.414106 
0.966002 -0.34434 
0.889889 -0.365398 
0.830989 -0.312845 
0.977844 -0.393963 
0.913633 -0.304178 
Cluster 2 :
-0.476363 0.933226 
-0.334696 0.936583 
-0.42436 0.923643 
-0.265053 0.870724 
-0.385235 0.789422 
-0.269875 0.891049 
-0.210181 0.960021 
-0.405072 0.910154 
-0.218848 0.934202 
-0.232276 0.889645 
-0.358684 0.782647 
-0.288797 0.808161 
-0.458358 0.974609 
Cluster 3 :
0.521775 -0.57268 
0.624317 -0.663015 
0.417158 -0.686026 
0.701651 -0.663015 
0.427778 -0.755119 
0.681204 -0.718925 
0.564928 -0.595386 
0.443159 -0.741386 
0.511582 -0.723502 
0.483078 -0.598254 
0.421674 -0.653493 
0.548753 -0.581957 
0.560717 -0.533738 
0.522996 -0.589892 
0.449934 -0.622547 
0.444014 -0.663564 
0.47087 -0.708731 
0.5609 -0.761467 
0.433699 -0.725517 
0.603503 -0.763726 
0.670583 -0.70397 
0.661061 -0.710013 
0.641591 -0.699576 
0.599231 -0.646352 
0.503769 -0.574633 
0.517319 -0.660573 
0.581774 -0.666616 
Cluster 4 :
0.073397 -0.425031 
-0.00582904 -0.510971 
0.0854824 -0.507797 
-0.0393384 -0.539781 
-0.0234077 -0.511887 
0.0313425 -0.413739 
0.0798059 -0.588366 
0.185217 -0.440657 
0.131932 -0.584155 
0.0615559 -0.391888 
0.0442213 -0.472579 
-0.0517899 -0.470992 
0.0444654 -0.540757 
0.155675 -0.401471 
-0.0176092 -0.559252 
0.0220039 -0.480514 
0.0827967 -0.353191 
0.0968353 -0.591723 
-0.0468459 -0.523789 
0.0436109 -0.525559 
Cluster 5 :
0.645314 -0.529954 
0.770501 -0.48619 
0.782525 -0.586352 
0.723258 -0.571154 
0.801996 -0.513169 
0.734306 -0.465743 
0.749199 -0.482162 
0.79461 -0.500168 
0.660085 -0.587268 
0.702567 -0.510971 
0.626942 -0.347697 
0.771111 -0.520554 
0.714103 -0.478011 
0.72808 -0.440291 
0.704337 -0.446883 
0.623646 -0.381878 
Cluster 6 :
-0.283242 0.493454 
-0.300699 0.488388 
-0.219459 0.663564 
-0.36198 0.650136 
-0.17655 0.639515 
-0.382305 0.520554 
-0.314554 0.517686 
-0.355693 0.542405 
-0.234901 0.672231 
-0.137913 0.585803 
-0.30723 0.684988 
-0.208228 0.63805 
-0.352763 0.616016 
-0.289346 0.610767 
Cluster 7 :
-0.589953 0.528245 
-0.615711 0.444014 
-0.66747 0.565661 
-0.737968 0.416242 
-0.741997 0.538438 
-0.690909 0.504807 
-0.653615 0.475692 
-0.699088 0.42497 
-0.620777 0.58385 
-0.729118 0.600269 
-0.618335 0.567186 
-0.680593 0.388836 
-0.767327 0.411847 
-0.750237 0.569506 
Cluster 8 :
0.00167847 0.0381176 
0.135044 0.030549 
0.0605793 0.0953093 
-0.0435499 0.0200506 
-0.0447096 0.0714438 
0.103244 -0.0346996 
0.0386059 0.139195 
0.00296032 0.00393689 
0.158361 -0.0871304 
0.15537 -0.0238349 
0.0489212 0.0364696 
-0.00863671 -0.0122989 
0.0927458 0.147679 
0.0347606 0.0203558 
0.118564 0.169347 
0.0745567 0.102634 
0.0578326 0.0663167 
0.117771 -0.05356 
0.0697348 0.0587481 
Cluster 9 :
0.284463 -0.114841 
0.282571 -0.39964 
0.172033 -0.203589 
0.275185 -0.252297 
0.342143 -0.15952 
0.309366 -0.164037 
0.198035 -0.243507 
0.274453 -0.23545 
0.23191 -0.416425 
0.268227 -0.213904 
0.227821 -0.398968 
0.201758 -0.366985 
0.230323 -0.438704 
0.213477 -0.168737 
0.353679 -0.189856 
0.253456 -0.405072 
0.241737 -0.461165 
0.14774 -0.255959 
0.354045 -0.295572 
0.336894 -0.216773 
0.316446 -0.193518 
0.198096 -0.203589 
Cluster 10 :
-0.0679037 0.866512 
-0.0138249 0.74694 
-0.0912198 0.897763 
-0.086642 0.934568 
0.00485241 0.773431 
-0.0367748 0.861995 
-0.110813 0.720756 
-0.0647298 0.785089 
0.0277413 0.867 
-0.105075 0.665822 
-0.012482 0.787835 
-0.0903043 0.739128 
-0.209265 0.742302 
-0.038789 0.840754 
-0.106174 0.752129 
-0.0468459 0.841792 
-0.0878018 0.815241 
-0.0871914 0.733207 
Cluster 11 :
-0.211402 0.220863 
-0.330363 0.317606 
-0.272378 0.323283 
-0.330851 0.426801 
-0.270547 0.215979 
-0.340983 0.314737 
-0.380779 0.328776 
Cluster 12 :
-0.741386 -0.245643 
-0.610767 -0.361797 
-0.688284 -0.21189 
-0.695608 -0.420087 
-0.652394 -0.319193 
-0.621021 -0.416303 
-0.628224 -0.355571 
-0.581164 -0.354228 
-0.778985 -0.323222 
-0.693716 -0.28666 
-0.788202 -0.417158 
Cluster 13 :
-0.546739 0.183325 
-0.540086 -0.0294504 
-0.57091 0.107089 
-0.494125 0.0940886 
-0.576342 0.0072329 
-0.483444 0.0384228 
-0.507248 0.173131 
-0.567186 0.20188 
-0.503769 0.0516678 
-0.485763 0.0488602 
-0.531541 0.142918 
-0.546251 0.0243232 
-0.58037 0.222083 
-0.500656 0.0840175 
-0.591968 0.201514 
-0.547227 0.0363475 
Cluster 14 :
0.332682 0.552843 
0.473922 0.594897 
0.427534 0.487228 
0.46025 0.430586 
0.48442 0.54973 
0.54796 0.538743 
0.582812 0.591784 
0.443892 0.430891 
0.45439 0.375164 
0.546556 0.561083 
0.466231 0.512925 
0.392071 0.564257 
0.388897 0.522202 
0.427168 0.53264 
0.405927 0.394208 
0.595752 0.53563 
0.404828 0.569811 
Cluster 15 :
-0.063448 -0.362835 
-0.099765 -0.432539 
-0.113498 -0.388531 
-0.210364 -0.357219 
-0.187475 -0.347087 
-0.166417 -0.284768 
-0.130772 -0.265175 
-0.098178 -0.379803 
-0.246986 -0.406659 
-0.26133 -0.298135 
-0.183081 -0.376507 
-0.202063 -0.2949 
-0.126194 -0.383892 
-0.18247 -0.297708 
-0.209387 -0.263955 
Cluster 16 :
0.454634 -0.998474 
0.594775 -0.924009 
0.620411 -0.837397 
0.447432 -0.893735 
0.498093 -0.886288 
0.574084 -0.862667 
0.593921 -0.860958 
0.43199 -0.962767 
0.546129 -0.881405 
0.42143 -0.83282 
0.590503 -0.853633 
0.548814 -0.959288 
0.661611 -0.84875 
0.395917 -0.923399 
0.539537 -0.875851 
Cluster 17 :
0.220069 0.553575 
0.199622 0.37315 
0.181371 0.389874 
0.208899 0.459456 
0.326151 0.472579 
0.247841 0.41966 
Cluster 18 :
0.847041 -0.695975 
0.908872 -0.647023 
0.809381 -0.647511 
0.951109 -0.525742 
0.966308 -0.535874 
0.970824 -0.547288 
0.986022 -0.541795 
0.911069 -0.556383 
0.813593 -0.619678 
0.921812 -0.634022 
0.796319 -0.617542 
0.869991 -0.620838 
0.851253 -0.585315 
0.998047 -0.6245 
0.988647 -0.626331 
0.852596 -0.646413 
Cluster 19 :
-0.99115 0.304361 
-0.932066 0.26017 
-0.997742 0.356182 
-0.906064 0.402692 
-0.881466 0.386151 
-0.951903 0.433088 
-0.973327 0.338054 
-0.869015 0.516953 
-0.878903 0.421308 
-0.837519 0.487045 
-0.956908 0.317667 
-0.911802 0.492477 
-0.958129 0.429121 
Cluster 20 :
-0.895932 0.192602 
-0.792108 0.0867031 
-0.731254 0.156957 
-0.801508 0.240333 
-0.801019 0.17185 
-0.840815 0.219153 
-0.873714 0.248329 
-0.671255 0.278359 
-0.850887 0.163121 
-0.669851 0.205664 
-0.902158 0.236305 
-0.840144 0.241676 
-0.815485 0.175024 
-0.705557 0.310221 
-0.837703 0.222388 
Cluster 21 :
0.797113 -0.252602 
0.880123 -0.060091 
0.927 -0.0807825 
0.692251 -0.24485 
0.838679 -0.0904874 
0.802973 -0.0850551 
0.930113 -0.15006 
0.58385 -0.211035 
0.81109 -0.174718 
0.802667 -0.176244 
0.745537 -0.252419 
0.811518 -0.127537 
0.953734 -0.106723 
0.638722 -0.233314 
0.813471 -0.11771 
Cluster 22 :
0.29545 -0.544908 
0.274392 -0.725333 
0.270119 -0.536851 
0.248573 -0.743767 
0.306619 -0.72924 
0.150365 -0.706656 
0.177465 -0.769829 
0.179601 -0.697989 
0.154393 -0.807489 
0.24015 -0.76165 
0.309122 -0.649342 
0.131382 -0.788751 
0.0629597 -0.76513 
0.188208 -0.790948 
0.29667 -0.691763 
0.241127 -0.691702 
0.110752 -0.679495 
0.326029 -0.624622 
0.282144 -0.709403 
0.164037 -0.574999 
0.21427 -0.653188 
0.213538 -0.773003 
0.0875576 -0.685415 
0.177587 -0.728568 
0.117222 -0.816645 
0.31016 -0.647694 
0.0928068 -0.697317 
0.0896329 -0.769219 
0.124424 -0.804804 
Cluster 23 :
-0.0154119 -0.95056 
0.0723594 -0.954894 
-0.0422071 -0.975158 
-0.088229 -0.768731 
-0.0182195 -0.85229 
-0.125217 -0.968932 
-0.0751671 -0.827448 
-0.106662 -0.814692 
-0.188391 -0.899045 
-0.0143742 -0.79516 
-0.199194 -0.965392 
-0.121067 -0.947447 
0.0397046 -0.771477 
-0.192175 -0.932615 
-0.0573443 -0.816157 
0.00955224 -0.799677 
-0.0567339 -0.793207 
-0.218848 -0.896603 
0.0216987 -0.908994 
-0.00308239 -0.945067 
0.0407422 -0.841121 
Cluster 24 :
-0.930052 0.0179754 
-0.942564 0.00473034 
-0.908994 0.148167 
-0.962279 0.025422 
-0.930784 0.0543535 
-0.838252 0.0215156 
-0.922788 0.0856044 
-0.999939 0.145238 
-0.874874 0.0336009 
Cluster 25 :
-0.542772 0.748528 
-0.664968 0.696585 
-0.505112 0.910825 
-0.56621 0.789056 
-0.67333 0.931272 
-0.658437 0.755364 
-0.642872 0.869442 
-0.586901 0.96173 
-0.685293 0.771111 
-0.626759 0.712455 
-0.710562 0.83636 
-0.681753 0.849361 
Cluster 26 :
-0.0946379 0.258461 
0.0325632 0.23307 
-0.161351 0.203223 
-0.0736412 0.272683 
-0.0499588 0.271157 
-0.0252388 0.309549 
0.0055238 0.182897 
-0.0478225 0.198096 
-0.0469069 0.203467 
0.00711083 0.152379 
0.000457764 0.160802 
0.0971404 0.247597 
-0.0604572 0.234596 
-0.0632648 0.2313 
Cluster 27 :
0.0516678 0.502182 
0.125889 0.535447 
0.0713217 0.549303 
0.168859 0.614551 
0.0215156 0.530015 
0.0793786 0.422224 
0.133213 0.561449 
0.0316477 0.589099 
0.0769372 0.488266 
0.176244 0.58623 
0.0182806 0.581469 
0.0900601 0.449019 
0.125828 0.466414 
Cluster 28 :
0.282937 0.689505 
0.359416 0.846797 
0.311014 0.661245 
0.322062 0.698599 
0.324137 0.717643 
0.405194 0.774529 
0.225806 0.641285 
0.259438 0.67333 
0.355937 0.627918 
0.267678 0.721122 
0.377728 0.734123 
0.35435 0.700858 
Cluster 29 :
0.476302 -0.181677 
0.413373 0.086642 
0.404279 0.0471511 
0.421918 0.0274972 
0.515427 -0.100864 
0.524277 0.116977 
0.458357 -0.0830409 
0.601917 0.126988 
0.425825 0.093051 
0.496872 0.125645 
0.448286 0.138646 
0.553697 -0.16538 
0.544481 -0.114231 
0.459761 -0.154332 
0.588305 0.117954 
0.595935 0.00820947 
0.573412 -0.0095523 
0.531053 0.0934782 
0.472518 -0.0353709 
0.463241 -0.0857265 
0.503586 0.144261 
0.428632 0.1489 
0.53502 0.146336 
0.460067 0.146214 
0.610157 0.0393384 
Cluster 30 :
-0.994507 0.965209 
-0.767937 0.836482 
-0.942381 0.826228 
-0.858211 0.955443 
-0.801202 0.859493 
-0.85522 0.988952 
-0.999084 0.920591 
-0.945921 0.854793 
-0.856563 0.961608 
-0.825739 0.838862 
-0.917295 0.983215 
-0.767571 0.946715 
-0.741569 0.967345 
-0.971679 0.949095 
-0.78808 0.983825 
-0.902707 0.893246 
Cluster 31 :
0.0577716 0.889767 
0.206946 0.93939 
0.123875 0.884823 
0.177587 0.93585 
0.23722 0.99176 
0.227699 0.929563 
0.168798 0.92877 
0.186255 0.891537 
0.15775 0.948668 
0.177526 0.830134 
0.102573 0.917173 
0.0671712 0.90936 
0.266701 0.982482 
0.193884 0.975585 
Cluster 32 :
0.533921 -0.365947 
0.349528 -0.385479 
0.493332 -0.339091 
0.514145 -0.457442 
0.395489 -0.440535 
0.389019 -0.466536 
0.358196 -0.513108 
0.45555 -0.376263 
0.412702 -0.362407 
0.411786 -0.42143 
0.429182 -0.465804 
0.403119 -0.527635 
0.366436 -0.327311 
0.513962 -0.391522 
0.460738 -0.306742 
0.465926 -0.46379 
0.363018 -0.561815 
0.549852 -0.265603 
0.464949 -0.408734 
0.497543 -0.420026 
0.506394 -0.489731 
0.429243 -0.282083 
0.456526 -0.373516 
Cluster 33 :
-0.108005 0.384686 
0.00582898 0.434004 
-0.160863 0.307108 
0.000701904 0.395306 
-0.0986664 0.565966 
-0.0176702 0.435163 
-0.0906705 0.407697 
-0.16715 0.37022 
-0.173681 0.432783 
-0.151219 0.393536 
-0.056978 0.385785 
-0.154576 0.358928 
-0.183264 0.413556 
-0.134312 0.340373 
Cluster 34 :
-0.0563677 -0.0151677 
-0.122105 -0.040437 
-0.175634 0.0323191 
-0.162572 0.0870082 
-0.232032 -0.0234077 
-0.178259 0.0531938 
-0.148778 -0.0179754 
-0.083224 -0.00491351 
-0.141881 0.0777307 
-0.248329 0.051973 
-0.214759 0.0430006 
-0.218299 0.0300608 
Cluster 35 :
0.804804 -0.851497 
0.78692 -0.798028 
0.874386 -0.764153 
0.858089 -0.879208 
0.757012 -0.69274 
0.8493 -0.936399 
0.866756 -0.76043 
0.695486 -0.86816 
0.766594 -0.772759 
0.765679 -0.758354 
0.834407 -0.799493 
0.881527 -0.957091 
0.955626 -0.83459 
0.80694 -0.897214 
0.861873 -0.967711 
0.698843 -0.837642 
0.907407 -0.817805 
0.835932 -0.818537 
0.826228 -0.942747 
Cluster 36 :
0.906064 0.816034 
0.981506 0.722587 
0.993896 0.538011 
0.964415 0.675405 
0.942442 0.75164 
0.989624 0.796686 
0.888424 0.684866 
0.927732 0.745109 
0.916196 0.705863 
Cluster 37 :
0.637806 0.940123 
0.511521 0.949217 
0.573534 0.908322 
0.584521 0.899106 
0.43852 0.863643 
0.458846 0.880734 
0.623707 0.929991 
0.477096 0.988525 
0.446394 0.922117 
0.418073 0.889828 
0.609424 0.89465 
0.469161 0.980834 
0.435408 0.92053 
0.531236 0.906186 
0.392254 0.8811 
0.391888 0.94818 
0.541002 0.986511 
Cluster 38 :
0.385846 0.20835 
0.166356 0.305521 
0.134251 0.217444 
0.335368 0.332255 
0.218787 0.256386 
0.332194 0.302835 
0.234169 0.336161 
0.20719 0.28721 
0.354228 0.291238 
0.383953 0.240577 
0.22013 0.307901 
0.185461 0.282144 
0.239296 0.297403 
0.180456 0.218116 
0.291177 0.256935 
0.302469 0.210181 
0.277566 0.348308 
0.152867 0.237953 
0.359355 0.372967 
0.324503 0.344157 
0.125706 0.262001 
Cluster 39 :
-0.70806 -0.0359813 
-0.595691 -0.0199896 
-0.669607 0.0133976 
-0.597278 -0.0373241 
-0.768853 -0.0787072 
-0.646352 -0.121982 
-0.730522 -0.0224311 
-0.644154 -0.0870693 
-0.60271 -0.0342723 
-0.779229 0.00466931 
-0.772393 -0.0108341 
-0.675832 -0.0903043 
-0.775323 -0.100742 
-0.72454 -0.0595416 
-0.737846 -0.000335693 
Cluster 40 :
-0.0284128 -0.187231 
0.012421 -0.122471 
0.042024 -0.216712 
0.000823975 -0.123447 
-0.0221869 -0.0596637 
-0.109043 -0.195044 
0.0831019 -0.272134 
-0.0224311 -0.065218 
0.0658284 -0.073275 
0.0488602 -0.301492 
0.124363 -0.143101 
0.0798059 -0.194494 
-0.0862758 -0.166051 
-0.0837123 -0.179662 
0.0905484 -0.127049 
-0.0869473 -0.153905 
Cluster 41 :
-0.211707 -0.124912 
-0.329814 -0.152318 
-0.276162 -0.141087 
-0.321207 -0.0861537 
-0.364177 -0.0167547 
-0.382183 -0.0279855 
-0.260659 -0.0421461 
-0.27195 -0.138462 
-0.342143 -0.0978118 
-0.383526 -0.0216987 
-0.250893 -0.147679 
-0.242409 -0.179601 
-0.283364 -0.0978118 
-0.24601 -0.0375683 
Cluster 42 :
-0.756584 -0.213172 
-0.774407 -0.131504 
-0.994873 -0.119663 
-0.870724 -0.20481 
-0.895932 -0.286233 
-0.820063 -0.227515 
-0.91229 -0.074984 
-0.834223 -0.141759 
-0.82757 -0.190039 
-0.875301 -0.294168 
-0.951476 -0.237098 
-0.7481 -0.19364 
Cluster 43 :
0.129368 0.756035 
0.0890836 0.697256 
0.0461135 0.8034 
0.0415968 0.823847 
0.0809046 0.745354 
0.0796227 0.803705 
0.132298 0.775384 
0.114597 0.723746 
0.0149236 0.705069 
0.157933 0.742729 
0.0560014 0.671621 
0.14304 0.667837 
0.0896329 0.73986 
Cluster 44 :
-0.673208 -0.958983 
-0.779229 -0.942198 
-0.517258 -0.97467 
-0.618091 -0.853938 
-0.72692 -0.788934 
-0.709342 -0.953185 
-0.762139 -0.951292 
-0.550951 -0.802179 
-0.576037 -0.890805 
-0.660024 -0.857356 
-0.567797 -0.928526 
-0.552049 -0.895688 
-0.601856 -0.890316 
-0.699759 -0.84582 
-0.612476 -0.880917 
-0.630665 -0.981445 
-0.674612 -0.913938 
-0.632801 -0.955138 
Cluster 45 :
-0.578478 -0.224403 
-0.560289 -0.214942 
-0.458052 -0.276223 
-0.543138 -0.20072 
-0.569201 -0.189367 
-0.590808 -0.187109 
-0.543016 -0.360515 
-0.656301 -0.21012 
-0.478195 -0.21836 
-0.505722 -0.250404 
-0.540635 -0.129124 
-0.505173 -0.300333 
Cluster 46 :
0.552965 0.764824 
0.721854 0.767937 
0.637928 0.728324 
0.688894 0.81048 
0.639088 0.736381 
0.560656 0.824946 
0.51439 0.814081 
0.666799 0.766472 
0.622059 0.657399 
0.610218 0.745048 
0.513413 0.780511 
0.705741 0.815607 
0.575243 0.846919 
0.592822 0.733879 
0.48558 0.765679 
0.500656 0.714591 
0.559618 0.705557 
0.640248 0.716605 
0.605152 0.686209 
Cluster 47 :
-0.506149 0.455245 
-0.41142 0.361248 
-0.488937 0.458785 
-0.454268 0.496811 
-0.518845 0.361919 
-0.501816 0.32725 
-0.568346 0.344829 
-0.467513 0.338481 
-0.398236 0.384686 
-0.539415 0.297647 
-0.472457 0.279275 
-0.528916 0.444624 
-0.491134 0.343547 
-0.601428 0.40611 
-0.46849 0.358562 
-0.51677 0.33488 
Cluster 48 :
-0.572985 0.580187 
-0.400739 0.528916 
-0.402264 0.586596 
-0.506149 0.52739 
-0.516282 0.699271 
-0.446577 0.643727 
-0.535264 0.623463 
-0.529038 0.572069 
-0.534043 0.667959 
-0.49443 0.743706 
-0.479659 0.707511 
-0.488937 0.604602 
-0.469588 0.718863 
Cluster 49 :
0.888607 0.229591 
0.957823 0.509384 
0.804926 0.43437 
0.979553 0.468429 
0.984008 0.241432 
0.907468 0.34727 
0.867733 0.434248 
0.926939 0.245827 
0.999817 0.355937 
0.801996 0.31785 
0.819941 0.386273 
0.830744 0.274026 
0.92053 0.454451 
0.857784 0.387616 
0.862606 0.319498 
0.746574 0.297403 
0.980895 0.28196 
0.993103 0.270974 
0.869991 0.45616 
0.982421 0.202857 
Cluster 50 :
-0.733696 -0.615467 
-0.736992 -0.721183 
-0.567431 -0.543748 
-0.670827 -0.618091 
-0.777215 -0.590869 
-0.488021 -0.632984 
-0.689871 -0.659413 
-0.61333 -0.726249 
-0.5927 -0.532517 
-0.729667 -0.538499 
-0.601123 -0.634022 
-0.729484 -0.512619 
-0.557299 -0.47203 
-0.646107 -0.504562 
-0.54088 -0.469894 
-0.648671 -0.694571 
-0.683279 -0.4785 
-0.51915 -0.48558 
-0.608264 -0.651296 
-0.611255 -0.483139 
-0.518113 -0.604785 
Cluster 51 :
-0.13773 -0.722282 
-0.201514 -0.534959 
-0.172521 -0.696036 
-0.20365 -0.753166 
-0.127598 -0.560778 
-0.117038 -0.680471 
-0.215796 -0.692679 
-0.148717 -0.611744 
-0.0512406 -0.62096 
-0.204138 -0.523301 
-0.285195 -0.723075 
-0.231788 -0.523484 
-0.2772 -0.712943 
-0.12595 -0.616199 
-0.17893 -0.594409 
-0.156224 -0.558092 
-0.247047 -0.756157 
Cluster 52 :
-0.284585 -0.463668 
-0.341289 -0.528428 
-0.346965 -0.454756 
-0.439497 -0.580004 
-0.261879 -0.488876 
-0.296365 -0.372906 
-0.332011 -0.510605 
-0.452925 -0.416242 
-0.450606 -0.441939 
-0.379986 -0.541978 
-0.384869 -0.311869 
-0.511887 -0.427046 
-0.339335 -0.343791 
Cluster 53 :
-0.835017 0.691397 
-0.956542 0.748466 
-0.773797 0.734611 
-0.901364 0.608814 
-0.752983 0.707877 
-0.715873 0.710196 
-0.803644 0.591113 
-0.906552 0.682791 
-0.915708 0.76458 
-0.699393 0.676565 
-0.946776 0.565722 
Cluster 54 :
-0.838496 -0.459212 
-0.903134 -0.627552 
-0.976989 -0.435652 
-0.987854 -0.450117 
-0.925291 -0.469466 
-0.965941 -0.57799 
-0.998291 -0.577075 
-0.952025 -0.545702 
-0.866451 -0.449934 
-0.829585 -0.554552 
-0.870663 -0.466903 
-0.857723 -0.588244 
-0.923215 -0.435591 
Cluster 55 :
0.736198 0.0126041 
0.846614 0.106357 
0.776299 -0.0117496 
0.829157 -0.0333567 
0.83874 0.0928679 
0.806146 0.0622272 
0.864071 0.174657 
0.727348 0.128758 
0.929014 0.0570391 
0.891659 -0.0423292 
0.947569 0.0896329 
0.985656 0.0195013 
0.763909 0.0274972 
0.85754 0.11417 
0.847774 -0.0215155 
0.958373 0.0328074 
0.846248 0.142003 
0.801141 0.0781579 
0.830683 0.0492874 
0.793634 0.18894 
0.981689 0.0669881 
Cluster 56 :
0.833979 0.511887 
0.670278 0.557726 
0.756951 0.648 
0.76397 0.66979 
0.763298 0.564501 
0.770623 0.498215 
0.711417 0.654653 
0.777154 0.628529 
0.794732 0.621082 
0.769402 0.727226 
0.836116 0.6292 
0.847102 0.65099 
Cluster 57 :
0.648305 0.192053 
0.498093 0.230811 
0.578295 0.253883 
0.619617 0.282449 
0.46971 0.299356 
0.5833 0.218238 
0.564257 0.249001 
0.696646 0.23246 
0.514573 0.345866 
0.582812 0.298257 
0.632862 0.189612 
0.676077 0.328349 
0.595508 0.348369 
0.683645 0.204749 
0.464583 0.29844 
0.522263 0.198767 
0.705008 0.30723 
0.625965 0.399884 
0.49968 0.236061 
Cluster 58 :
-0.906735 -0.840754 
-0.947081 -0.826777 
-0.955016 -0.783013 
-0.951353 -0.991394 
-0.766472 -0.825922 
-0.802057 -0.738639 
-0.774285 -0.77929 
-0.860408 -0.816889 
-0.918332 -0.760979 
-0.913999 -0.758904 
-0.993896 -0.971801 
-0.903684 -0.975707 
-0.883175 -0.867916 
-0.92468 -0.721549 
-0.978942 -0.754143 
-0.977172 -0.889767 
-0.918699 -0.846492 
-0.97467 -0.716605 
Cluster 59 :
0.895627 0.960509 
0.722648 0.963683 
0.758843 0.990417 
0.815546 0.973998 
0.750969 0.891964 
0.875668 0.836604 
0.903623 0.835566 
0.701895 0.876827 
0.738884 0.857051 
0.789666 0.953856 
0.670705 0.955077 
0.922544 0.923093 
0.871822 0.892758 
0.895871 0.860836 
Cluster 60 :
-0.259011 0.112827 
-0.236122 0.146703 
-0.39964 0.126743 
-0.321635 0.152806 
-0.282571 0.08652 
-0.336406 0.119724 
-0.389508 0.0449538 
-0.362163 0.0755333 
-0.261208 0.101108 
-0.406964 0.226295 
-0.410932 0.177221 
-0.271096 0.0675985 
-0.400189 0.214942 
Cluster 61 :
-0.448653 -0.104465 
-0.359478 -0.258156 
-0.370281 -0.151402 
-0.409711 -0.196265 
-0.413678 -0.276589 
-0.449141 -0.163366 
-0.425825 -0.170568 
-0.374981 -0.140782 
-0.470992 -0.150914 
-0.451033 -0.0582598 
-0.445906 -0.0836512 
-0.4232 -0.222022 
Cluster 62 :
-0.403974 -0.673086 
-0.408551 -0.791253 
-0.433027 -0.83581 
-0.394879 -0.898556 
-0.276406 -0.989196 
-0.325663 -0.998596 
-0.513108 -0.743644 
-0.261208 -0.89526 
-0.478683 -0.709403 
-0.423078 -0.698111 
-0.313944 -0.967589 
-0.486373 -0.914609 
-0.508225 -0.737419 
-0.420942 -0.918149 
-0.438887 -0.88757 
-0.359416 -0.928831 
-0.346965 -0.716666 
-0.371502 -0.836848 
-0.298929 -0.917417 
-0.357463 -0.860775 
-0.25425 -0.895871 
Cluster 63 :
0.317484 0.145726 
0.287942 0.145604 
0.360576 0.108799 
0.265542 0.0144353 
0.291177 0.172948 
0.193274 0.122471 
0.252052 -0.0825526 
0.27543 0.118686 
0.340312 0.0705893 
0.341288 0.176427 
0.21952 0.128025 
0.222694 -0.0346385 
0.199316 0.0724205 
0.386395 0.0792565 
