Cluster 0 :
0.454939 0.353435 
0.725944 0.930174 
-0.0794397 0.698721 
0.499069 0.754936 
0.386761 0.488083 
0.207739 0.956298 
0.338847 0.928037 
0.642689 0.771477 
0.711539 0.452132 
0.461592 0.828547 
0.741997 0.928587 
0.485153 0.334635 
0.736442 0.77752 
-0.0413526 0.766778 
0.304178 0.473434 
0.575671 0.480941 
0.121494 0.959777 
0.940123 0.855098 
0.630055 0.759453 
0.600147 0.683584 
0.165685 0.978698 
0.567553 0.866878 
0.958861 0.742485 
0.369121 0.976379 
0.26487 0.775017 
0.773919 0.55913 
0.633106 0.509079 
0.806574 0.485336 
0.197302 0.944456 
0.322123 0.555895 
0.42143 0.604541 
0.835627 0.6292 
0.840144 0.490036 
0.776666 0.433515 
0.594531 0.987915 
0.85522 0.532151 
0.775323 0.934629 
0.402081 0.615711 
0.76043 0.97882 
0.417585 0.884884 
-0.032136 0.63976 
0.280252 0.674245 
0.05533 0.905515 
0.150487 0.762322 
0.247841 0.883358 
0.363079 0.405194 
-0.00851464 0.768975 
0.157384 0.902402 
0.0983611 0.88641 
0.373394 0.627247 
0.754082 0.426923 
0.506516 0.624622 
0.896115 0.996277 
0.782098 0.961486 
0.991272 0.532945 
0.508774 0.501999 
0.941404 0.48973 
0.876217 0.922849 
0.337504 0.637623 
0.582446 0.865719 
0.257241 0.894711 
0.392132 0.970092 
0.565355 0.372723 
0.918332 0.864986 
0.553087 0.770257 
-0.0405591 0.885006 
0.400555 0.624378 
0.136937 0.836482 
0.848445 0.985229 
0.419477 0.692557 
0.739616 0.475326 
0.631397 0.721 
-0.0180364 0.798578 
0.50322 0.550035 
0.525926 0.341899 
0.52031 0.874813 
0.870296 0.830805 
0.966979 0.830744 
0.424604 0.629994 
0.00698876 0.89526 
0.562853 0.575365 
-0.0612506 0.866817 
0.139378 0.767205 
0.70629 0.778863 
0.0240791 0.715201 
0.455672 0.642628 
0.230445 0.655507 
0.884396 0.884579 
0.557787 0.479659 
0.509262 0.578906 
0.157506 0.803949 
0.428022 0.789788 
0.869808 0.634816 
0.0256661 0.52501 
0.861812 0.97528 
0.379925 0.582202 
0.772515 0.672475 
-0.027253 0.831843 
0.653554 0.657033 
0.442793 0.79516 
0.556566 0.532029 
0.453597 0.795038 
0.0430616 0.81933 
-0.0268258 0.55858 
0.388897 0.836909 
0.662526 0.816157 
-0.022248 0.576403 
0.861507 0.890866 
-0.0760216 0.971862 
0.42552 0.613514 
0.304605 0.744682 
0.461959 0.575304 
0.81109 0.637379 
0.671682 0.809503 
0.486068 0.99707 
0.286721 0.976501 
0.973998 0.514512 
0.706473 0.580798 
0.101291 0.922239 
-0.033906 0.653737 
0.502792 0.541063 
0.345439 0.654286 
0.816828 0.530198 
0.141575 0.829096 
0.692251 0.59917 
0.964415 0.523301 
0.503891 0.897885 
0.785943 0.68041 
0.720267 0.677969 
0.708731 0.522629 
0.782342 0.92407 
0.437178 0.567858 
0.860286 0.721976 
-0.0456862 0.871883 
0.106906 0.825922 
0.34843 0.341838 
0.30015 0.695669 
0.873959 0.848994 
0.280496 0.58562 
0.158788 0.863094 
0.837886 0.684744 
0.232154 0.400311 
0.853816 0.88226 
0.606738 0.459151 
0.709525 0.949156 
0.336772 0.877071 
0.480209 0.71276 
0.0530107 0.941527 
0.0383008 0.692251 
0.436506 0.444502 
0.41966 0.833125 
0.511093 0.861507 
-0.0216987 0.736259 
0.167577 0.646412 
0.899838 0.681997 
Cluster 1 :
0.447676 -0.88702 
0.98291 -0.711417 
0.667959 -0.420881 
0.0645467 -0.600208 
0.308023 -0.779595 
0.447432 -0.560228 
0.43614 -0.434431 
0.442122 -0.424726 
0.214637 -0.801752 
0.501022 -0.60857 
0.625538 -0.861873 
0.937925 -0.715934 
0.162511 -0.869442 
0.577075 -0.50676 
0.257912 -0.849483 
0.444624 -0.428755 
0.0639362 -0.921506 
0.112217 -0.960509 
0.401959 -0.405499 
0.494064 -0.673757 
0.861446 -0.768365 
0.0288399 -0.484542 
0.969176 -0.817072 
0.224708 -0.712821 
0.167455 -0.728568 
0.389203 -0.431379 
0.617176 -0.574267 
0.774651 -0.530381 
-0.0364086 -0.666433 
0.926267 -0.687551 
0.249123 -0.402875 
0.299539 -0.448897 
0.603381 -0.683828 
0.30192 -0.628224 
0.105441 -0.539537 
0.519333 -0.986816 
0.309122 -0.609607 
0.442305 -0.689077 
0.782525 -0.661733 
0.398358 -0.573351 
0.794977 -0.830622 
0.285989 -0.537767 
0.88641 -0.544237 
0.331462 -0.622181 
0.504746 -0.912168 
0.127354 -0.962767 
0.318705 -0.712577 
0.632557 -0.995605 
0.45024 -0.343486 
0.607898 -0.515793 
0.975402 -0.755852 
0.187963 -0.679617 
-0.0261543 -0.996521 
0.154576 -0.80694 
0.575976 -0.675771 
0.5374 -0.52501 
0.532395 -0.434492 
0.551012 -0.453291 
0.308329 -0.783563 
0.612293 -0.854915 
0.643971 -0.976623 
0.0817591 -0.561205 
0.344768 -0.55913 
0.403729 -0.505417 
0.0604571 -0.652577 
0.293008 -0.459944 
0.660512 -0.876095 
0.32139 -0.613086 
0.70867 -0.506455 
0.365886 -0.915097 
0.716666 -0.957884 
0.136143 -0.424543 
0.462752 -0.518601 
0.327555 -0.471847 
0.0962249 -0.574694 
0.366314 -0.755791 
0.899411 -0.620411 
0.201697 -0.9953 
0.578417 -0.372784 
0.102329 -0.872188 
0.81402 -0.556078 
0.177343 -0.769768 
0.951659 -0.714957 
0.928404 -0.781976 
0.891598 -0.890805 
0.0261544 -0.485214 
0.819758 -0.721427 
0.405255 -0.98413 
0.722892 -0.976318 
0.656972 -0.977355 
0.483932 -0.520127 
0.98706 -0.714042 
0.901059 -0.986999 
0.495895 -0.890011 
0.349223 -0.463179 
0.122349 -0.826716 
0.87701 -0.914792 
0.0653402 -0.513474 
0.612049 -0.95117 
0.190283 -0.607959 
0.724357 -0.688955 
0.736564 -0.788263 
0.863948 -0.504807 
0.828364 -0.961852 
0.348003 -0.866878 
0.698599 -0.679189 
0.977782 -0.771172 
0.659108 -0.444868 
0.638417 -0.462447 
0.600208 -0.552843 
0.368877 -0.47557 
0.962096 -0.693533 
0.35612 -0.340678 
0.400372 -0.420392 
0.771722 -0.803644 
0.348003 -0.670217 
0.384625 -0.40727 
0.529954 -0.557238 
0.303385 -0.39317 
0.992431 -0.908444 
0.814203 -0.738456 
0.705374 -0.457381 
0.805353 -0.892941 
0.920103 -0.626026 
0.498093 -0.343547 
0.31608 -0.42906 
0.288797 -0.730827 
0.343669 -0.877499 
0.686392 -0.931761 
0.588733 -0.748711 
0.21543 -0.9906 
0.14304 -0.470687 
0.189184 -0.955626 
0.42674 -0.777581 
0.234413 -0.695669 
0.645253 -0.980102 
0.0309763 -0.542772 
0.52031 -0.807001 
0.508286 -0.620289 
0.133396 -0.828669 
0.467879 -0.810419 
0.188025 -0.58208 
0.758049 -0.583483 
0.304666 -0.913022 
0.242286 -0.788507 
0.421918 -0.905637 
0.0412306 -0.582629 
0.509384 -0.905026 
Cluster 2 :
-0.815119 -0.394452 
-0.634571 -0.0317698 
-0.765679 -0.229774 
-0.938658 -0.698477 
-0.81756 -0.839778 
-0.613819 -0.302347 
-0.909909 -0.391888 
-0.82165 -0.28544 
-0.661428 -0.728263 
-0.479049 -0.963744 
-0.991089 -0.524522 
-0.48088 -0.35258 
-0.799921 -0.697378 
-0.349528 -0.590564 
-0.371746 -0.950377 
-0.957701 -0.978576 
-0.32255 -0.709708 
-0.848994 -0.346416 
-0.811212 -0.911863 
-0.828547 -0.419721 
-0.981384 -0.418561 
-0.583911 -0.341105 
-0.773614 -0.462935 
-0.922117 -0.129307 
-0.592578 -0.6798 
-0.540086 -0.731315 
-0.149449 -0.728935 
-0.259438 -0.724662 
-0.330058 -0.85931 
-0.0989715 -0.533738 
-0.298379 -0.44322 
-0.686392 -0.666372 
-0.129124 -0.98706 
-0.62981 -0.595996 
-0.143956 -0.901975 
-0.14835 -0.914243 
-0.606922 -0.898556 
-0.42967 -0.812311 
-0.315348 -0.398419 
-0.928404 -0.765435 
-0.447737 -0.637928 
-0.903806 -0.953429 
-0.329814 -0.257424 
-0.149571 -0.760186 
-0.945616 -0.713553 
-0.826716 -0.379681 
-0.365215 -0.451094 
-0.87463 -0.487655 
-0.476241 -0.838679 
-0.265236 -0.782647 
-0.743339 -0.578845 
-0.711173 -0.30076 
-0.887997 -0.737175 
-0.301492 -0.888485 
-0.159398 -0.572253 
-0.691946 -0.949278 
-0.271889 -0.545885 
-0.55797 -0.857662 
-0.649037 -0.280496 
-0.162755 -0.878353 
-0.750237 -0.530442 
-0.588183 -0.724845 
-0.56444 -0.809381 
-0.237648 -0.794 
-0.773003 -0.0558184 
-0.390728 -0.504807 
-0.953246 -0.534104 
-0.29075 -0.508286 
-0.971313 -0.0722983 
-0.138462 -0.97766 
-0.910581 -0.0702841 
-0.736259 -0.107883 
-0.376019 -0.224097 
-0.336161 -0.715445 
-0.282632 -0.712882 
-0.338481 -0.475265 
-0.659536 -0.106418 
-0.56151 -0.873959 
-0.267556 -0.634754 
-0.986145 -0.164647 
-0.515183 -0.692679 
-0.810053 -0.497604 
-0.994507 -0.928953 
-0.138951 -0.640919 
-0.743644 -0.204016 
-0.65453 -0.9223 
-0.104709 -0.784783 
-0.458296 -0.611072 
-0.479415 -0.988403 
-0.772088 -0.911374 
-0.67803 -0.844905 
-0.703665 -0.0658895 
-0.724784 -0.673879 
-0.169225 -0.464217 
-0.904294 -0.0843226 
-0.549974 -0.53209 
-0.245582 -0.974487 
-0.994507 -0.221961 
-0.51384 -0.931394 
-0.749016 -0.764641 
-0.350688 -0.731986 
-0.69158 -0.0609455 
-0.706229 -0.927793 
-0.365764 -0.990966 
-0.291238 -0.360698 
-0.964415 -0.155675 
-0.809137 -0.875179 
-0.71691 -0.769829 
-0.949522 -0.176183 
-0.652516 -0.532578 
-0.20658 -0.543565 
-0.171911 -0.781671 
-0.629688 -0.686392 
-0.922605 -0.117405 
-0.298074 -0.371441 
-0.715262 -0.371319 
-0.48558 -0.761162 
-0.41081 -0.475448 
-0.262978 -0.800653 
-0.358745 -0.957396 
-0.49321 -0.333171 
-0.505234 -0.61803 
-0.488083 -0.930235 
-0.714225 -0.95294 
-0.659169 -0.911679 
-0.580798 -0.759575 
-0.60387 -0.865169 
-0.946959 -0.495956 
-0.318827 -0.914243 
-0.302652 -0.384136 
-0.593799 -0.366985 
-0.147618 -0.722953 
-0.386395 -0.633656 
-0.729545 -0.292886 
-0.168249 -0.451643 
-0.852596 -0.649586 
-0.569323 -0.71868 
-0.581164 -0.130345 
-0.494247 -0.555834 
-0.557299 -0.121128 
-0.539415 -0.623768 
-0.882015 -0.467635 
-0.744377 -0.223853 
-0.254006 -0.589038 
-0.848079 -0.871517 
-0.79754 -0.429609 
-0.745659 -0.556261 
-0.792718 -0.528794 
-0.754204 -0.761773 
-0.774163 -0.0464797 
-0.760674 -0.674062 
-0.988891 -0.883053 
-0.591968 -0.530442 
-0.801447 -0.882565 
-0.353984 -0.305338 
-0.873959 -0.733146 
-0.961547 -0.355449 
-0.445357 -0.834284 
-0.908689 -0.591479 
-0.714164 -0.178442 
-0.895383 -0.240455 
-0.394269 -0.39201 
-0.679617 -0.0956145 
-0.740837 -0.683401 
-0.513474 -0.265908 
-0.505234 -0.547533 
-0.565111 -0.742363 
-0.86578 -0.913938 
-0.5927 -0.65215 
-0.342998 -0.903134 
-0.535325 -0.454756 
-0.478133 -0.536363 
-0.288369 -0.413495 
-0.730888 -0.8493 
-0.591968 -0.14243 
-0.644826 -0.656911 
-0.686636 -0.947325 
-0.625843 -0.650807 
-0.874874 -0.784906 
-0.811274 -0.885128 
-0.364727 -0.767022 
-0.5009 -0.644765 
-0.268105 -0.493881 
-0.542711 -0.941771 
-0.990112 -0.220496 
-0.778069 -0.788751 
-0.846248 -0.480392 
-0.932493 -0.189123 
-0.997253 -0.676138 
Cluster 3 :
0.577929 -0.315714 
0.723075 0.0125431 
0.475204 0.199194 
0.886349 -0.233314 
0.655568 -0.331584 
0.522813 -0.0596637 
0.358379 -0.103732 
0.849361 -0.119724 
0.683157 0.0329905 
0.625843 -0.334147 
0.384014 -0.147252 
0.704642 -0.0787072 
0.614917 -0.0682089 
0.541795 -0.152623 
0.353374 -0.08652 
0.530137 0.304849 
0.762993 -0.184606 
0.694815 -0.268899 
0.477645 0.152745 
0.520188 -0.101535 
0.754326 0.297159 
0.870785 -0.341472 
0.988647 -0.159093 
0.985717 0.332316 
0.5562 0.0798059 
0.810663 0.416425 
0.956847 -0.429853 
0.899899 -0.0368358 
0.84228 -0.307413 
0.812677 0.318277 
0.956114 0.267128 
0.470077 -0.0691854 
0.850826 0.0987273 
0.454756 -0.200354 
0.916013 -0.0149236 
0.935972 0.012482 
0.904294 0.0395825 
0.528855 -0.110996 
0.848811 0.118259 
0.551622 0.248878 
0.444807 0.163244 
0.402509 -0.248878 
0.706534 0.0727867 
0.818964 -0.377239 
0.858455 -0.139012 
0.6657 -0.0654622 
0.79693 0.221778 
0.855647 0.395856 
0.844905 0.0229805 
0.427412 -0.230323 
0.857784 -0.400922 
0.587573 0.164403 
0.991821 0.304178 
0.735466 -0.190649 
0.850215 -0.264626 
0.992981 0.443098 
0.737663 0.216102 
0.854671 0.157994 
0.554674 -0.171117 
0.753471 -0.0348827 
0.942869 -0.286843 
0.665883 -0.105319 
0.804193 -0.209021 
0.611133 -0.208045 
0.443281 0.241066 
0.965819 0.373028 
0.414289 0.134983 
0.915036 0.291726 
0.952574 -0.403546 
0.528672 0.304605 
0.858211 -0.274819 
0.760735 0.362224 
0.618213 0.116977 
0.853694 -0.0891446 
0.761773 0.384136 
0.638844 0.248573 
0.920469 0.312357 
0.706229 0.086581 
0.714286 -0.199377 
0.388043 0.206275 
0.440107 -0.0412915 
0.369915 0.173376 
0.833003 0.143834 
0.833796 0.386212 
0.672231 -0.121433 
0.698172 -0.373882 
0.855281 0.141758 
0.656606 -0.0149236 
0.55388 0.2772 
0.91229 -0.0672933 
0.946348 0.269265 
0.694449 -0.0406812 
0.763054 -0.362224 
0.627125 -0.0967132 
0.731376 0.0493485 
0.395856 0.0950041 
0.57506 -0.291238 
0.920713 0.0760216 
0.961913 0.0325022 
0.815302 -0.362346 
0.671804 -0.023957 
0.869442 -0.00784326 
0.83459 0.212744 
0.37553 -0.0564898 
0.933164 -0.098117 
0.596118 -0.0315866 
0.655141 0.16483 
0.669851 0.30491 
0.96765 -0.0606403 
0.495224 0.18778 
0.567675 0.264321 
0.364544 -0.144322 
0.816828 -0.0219428 
0.837336 -0.1077 
0.661 -0.297586 
0.580615 -0.144261 
0.972839 -0.264992 
0.61095 -0.0692465 
0.574389 -0.194189 
0.382488 -0.0839564 
0.504196 0.10831 
0.932859 -0.325602 
0.933653 0.222999 
0.401166 0.16538 
0.697928 0.292947 
0.449629 -0.163549 
0.94586 0.147252 
Cluster 4 :
0.181799 -0.242775 
0.0755943 -0.344035 
0.148106 -0.236122 
-0.134678 -0.0401319 
0.165563 0.0386059 
0.100864 -0.386761 
-0.00625628 0.0831629 
-0.0709555 0.141209 
-0.00888091 0.464156 
-0.184545 0.413984 
-0.0633259 0.444746 
-0.149937 0.406171 
0.232398 -0.0911588 
-0.380474 -0.0707114 
-0.0233467 -0.0932951 
0.0363475 0.401776 
0.0365916 0.155919 
0.104953 -0.337443 
0.0226753 -0.325419 
-0.119419 -0.175817 
0.207373 0.086642 
0.278359 0.334086 
0.0754112 0.0248725 
-0.0829798 -0.361126 
0.0686362 0.0657064 
-0.381878 0.133518 
-0.199561 0.10123 
-0.252358 -0.11948 
-0.0857875 -0.162145 
-0.2172 0.248817 
-0.253945 0.0588092 
0.286782 -0.0586261 
0.0796838 0.416364 
0.285867 -0.0369579 
0.299478 0.296487 
0.230384 0.149144 
-0.318888 0.223304 
-0.00814843 -0.212867 
0.0401318 -0.399091 
0.332255 0.110935 
0.137486 -0.315775 
-0.150548 -0.231361 
0.0918913 -0.263344 
-0.0559404 -0.0475173 
-0.15244 0.125706 
-0.115818 0.100192 
0.0809046 0.275368 
0.183935 0.0580157 
0.21305 0.164464 
0.233192 0.196448 
0.217444 0.0364696 
-0.348308 0.0406201 
0.0260934 0.324992 
-0.0627766 0.53618 
0.123264 0.33964 
-0.320231 -0.0911588 
-0.0652791 -0.139439 
0.0130924 0.227882 
-0.146886 -0.0556963 
0.15482 0.0281686 
-0.178564 0.267067 
-0.175695 0.237709 
-0.0513016 0.2725 
0.224219 0.151341 
-0.0976287 0.176489 
-0.0942106 -0.0204779 
0.0820032 0.325053 
-0.116611 0.158239 
-0.270424 -0.0704672 
0.135289 0.145726 
-0.176916 -0.290811 
0.0190741 -0.243812 
0.126804 0.177709 
-0.0262764 0.330119 
-0.260842 -0.255531 
0.269692 -0.166723 
-0.333171 0.243934 
0.0198065 -0.169958 
-0.310038 -0.12302 
-0.219153 -0.286111 
-0.122715 0.346538 
0.104648 0.3408 
0.145299 -0.0773034 
-0.0559404 0.267739 
-0.211463 -0.215369 
0.335978 -0.0863369 
0.331401 -0.121189 
0.000213623 0.259255 
0.0194403 -0.324137 
0.0210882 0.128086 
-0.237404 0.377667 
0.134617 -0.251076 
0.191076 -0.053621 
0.0605181 0.116001 
-0.242225 -0.139622 
-0.267617 0.197241 
-0.102023 0.508042 
-0.168004 0.150426 
0.172338 -0.0627766 
-0.368816 0.0406201 
0.307779 0.207678 
0.219764 0.199194 
0.175817 -0.340068 
-0.0979339 -0.307657 
-0.242347 0.0852993 
0.229408 -0.112461 
-0.0257881 -0.48851 
-0.0825526 0.48027 
-0.22953 -0.017304 
0.222938 0.257363 
-0.252785 0.324747 
0.290078 -0.263588 
-0.315775 0.0471511 
-0.0925016 0.441328 
-0.272744 0.0680867 
0.283486 0.200049 
0.26896 0.124546 
-0.0511185 -0.128513 
-0.0242622 -0.18424 
-0.304361 -0.0314646 
0.0752281 -0.0101016 
-0.19657 -0.335978 
-0.0224922 0.182409 
-0.144444 -0.378643 
0.027131 -0.150731 
0.0430616 -0.0517288 
-0.0166326 -0.433882 
-0.0720542 0.203162 
-0.0558184 -0.0351878 
-0.025483 0.288125 
-0.300211 -0.252358 
-0.174963 -0.372417 
0.0682088 0.051973 
-0.392865 -0.0230415 
0.0613117 0.276711 
-0.017365 0.00656152 
0.149083 -0.213111 
0.238319 -0.244118 
-0.371197 -0.00912505 
-0.0917081 -0.209693 
-0.265114 0.124546 
0.163732 -0.263405 
-0.115146 -0.439192 
0.30137 0.110202 
-0.0306711 0.540513 
0.0951262 -0.0861537 
-0.171545 -0.163488 
0.144566 0.158666 
0.249001 -0.186315 
0.318155 -0.223121 
0.046968 0.466536 
-0.0834071 -0.0438551 
0.0785241 -0.239784 
-0.213172 0.222083 
-0.108554 0.335917 
-0.0790124 0.334208 
0.273476 0.249977 
-0.0556352 -0.0314035 
0.200171 0.356365 
0.0179754 0.370525 
-0.41789 0.0461745 
0.189245 0.385113 
0.0494705 -0.352702 
0.254677 -0.0735191 
0.116733 -0.341899 
0.223304 0.272012 
Cluster 5 :
-0.567186 0.880428 
-0.511643 0.34373 
-0.787774 0.0201727 
-0.948363 0.860103 
-0.918271 0.326823 
-0.909543 0.532273 
-0.960143 0.427045 
-0.230567 0.407392 
-0.181677 0.482955 
-0.524827 0.119053 
-0.51323 0.069979 
-0.526536 0.306986 
-0.506088 0.642201 
-0.557421 0.941404 
-0.161962 0.690909 
-0.218238 0.468062 
-0.900693 0.0883511 
-0.606861 0.994629 
-0.350749 0.287881 
-0.461226 0.646718 
-0.945189 0.208045 
-0.621204 0.887814 
-0.706046 0.232582 
-0.974303 -0.0246285 
-0.897275 0.645924 
-0.609668 0.65923 
-0.422407 0.642689 
-0.339579 0.35905 
-0.754021 0.887326 
-0.631336 0.985107 
-0.556749 0.79339 
-0.61626 0.944823 
-0.655568 0.196692 
-0.728874 0.54796 
-0.707999 0.385723 
-0.728751 0.860164 
-0.797357 0.307047 
-0.21189 0.97174 
-0.581896 0.827082 
-0.759819 0.461715 
-0.305826 0.876888 
-0.364849 0.94818 
-0.526963 0.998901 
-0.894528 0.908078 
-0.391034 0.75396 
-0.290384 0.901486 
-0.989929 0.00985754 
-0.609241 0.352885 
-0.142125 0.72045 
-0.462447 0.148045 
-0.860836 0.321451 
-0.262185 0.52385 
-0.952025 0.468368 
-0.233436 0.759514 
-0.578234 0.600757 
-0.373516 0.871761 
-0.804926 0.811457 
-0.179846 0.54442 
-0.725211 0.161107 
-0.726737 0.452193 
-0.387249 0.963744 
-0.74395 0.42436 
-0.736564 0.770501 
-0.815546 0.0232246 
-0.392804 0.526414 
-0.1583 0.779656 
-0.663625 0.366192 
-0.705435 0.949644 
-0.784722 0.741997 
-0.447798 0.352153 
-0.673391 0.0530107 
-0.307169 0.593188 
-0.441816 0.834346 
-0.431196 0.930845 
-0.600452 0.857906 
-0.799371 0.973937 
-0.96118 0.139988 
-0.62566 0.804621 
-0.414777 0.800531 
-0.735282 0.025422 
-0.215796 0.708609 
-0.636341 0.0227973 
-0.472457 0.777154 
-0.238685 0.596728 
-0.714469 0.363323 
-0.31724 0.658376 
-0.709098 0.772637 
-0.983642 0.736992 
-0.736198 0.19602 
-0.456099 0.288797 
-0.976379 0.905637 
-0.985534 0.379681 
-0.886227 0.255287 
-0.896603 0.704825 
-0.428388 0.633106 
-0.732109 0.550462 
-0.926389 0.245216 
-0.963561 0.203955 
-0.933226 0.54912 
-0.47441 0.850398 
-0.524705 0.109531 
-0.849666 0.353618 
-0.1583 0.517869 
-0.49736 0.978027 
-0.873898 0.686636 
-0.340007 0.535813 
-0.489853 0.722465 
-0.702384 0.793878 
-0.790338 0.585498 
-0.228675 0.667714 
-0.882504 0.660268 
-0.833674 0.393231 
-0.744316 0.813227 
-0.759819 0.577624 
-0.510117 0.381878 
-0.849483 0.255226 
-0.587207 -0.0119327 
-0.579211 0.880184 
-0.969665 0.269875 
-0.314493 0.405927 
-0.607044 0.260781 
-0.190344 0.662404 
-0.991638 0.578845 
-0.68627 0.641102 
-0.35728 0.74749 
-0.836665 0.595508 
-0.247536 0.613636 
-0.747368 0.643544 
-0.782769 0.167455 
-0.281411 0.74572 
-0.966308 0.149632 
-0.727775 0.199499 
-0.166906 0.704764 
-0.676504 0.0216987 
-0.763665 0.86639 
-0.550401 0.807306 
-0.154393 0.736747 
-0.75634 0.684744 
-0.844478 0.701895 
-0.897641 0.0727257 
-0.718192 0.3361 
-0.997131 0.891537 
-0.604236 0.565172 
-0.531114 0.457259 
-0.981872 -0.0400708 
-0.92407 0.242653 
-0.974364 0.030427 
-0.814936 0.420087 
-0.886105 0.169958 
-0.930601 0.625599 
-0.675283 0.654164 
-0.350078 0.704886 
-0.967772 0.621082 
-0.707755 0.316141 
-0.487289 0.558946 
-0.861019 0.36552 
-0.842219 0.191992 
-0.517502 0.299417 
-0.718558 0.148839 
-0.307413 0.643056 
-0.467086 0.754875 
-0.146031 0.727409 
-0.288553 0.501083 
-0.488937 0.261696 
-0.554247 -0.00625628 
-0.909543 0.226173 
-0.730644 0.757622 
-0.406354 0.529893 
-0.948851 0.281655 
-0.50145 0.620228 
-0.661977 0.708182 
-0.882504 0.294107 
-0.711661 0.934019 
-0.490707 0.257607 
-0.556017 0.760002 
-0.682058 0.497482 
-0.609485 0.0681478 
-0.900937 0.716117 
-0.270913 0.586535 
-0.840022 0.638356 
-0.257912 0.840144 
-0.242225 0.447432 
-0.898251 0.817194 
-0.25425 0.819697 
-0.361003 0.531175 
-0.665822 0.997375 
-0.873592 0.241493 
-0.229408 0.420515 
-0.924131 0.790704 
-0.984558 0.8717 
-0.481307 0.356426 
-0.829707 0.438154 
-0.730644 0.104648 
-0.455672 0.982605 
-0.711295 0.0621052 
-0.730155 0.327921 
-0.373577 0.896664 
-0.700858 0.126438 
-0.673574 0.393536 
-0.92523 0.815119 
-0.505173 0.381207 
-0.651662 0.312052 
-0.847957 0.705008 
-0.755242 0.189001 
-0.650502 0.603381 
-0.92584 0.745598 
-0.84167 0.423627 
-0.606677 0.347087 
-0.699698 0.60509 
-0.900754 0.993652 
-0.937132 0.113865 
-0.481613 0.360576 
-0.579577 0.852718 
-0.672658 0.279763 
-0.960936 0.524216 
