Cluster 0 :
0.170019 -0.0402539 
-0.299417 0.791925 
0.64568 0.49321 
0.421003 0.0270699 
0.97705 -0.108615 
0.0633259 0.142369 
0.203528 0.214332 
0.566637 0.605213 
0.751945 0.453352 
0.911801 0.851436 
0.724479 -0.580798 
0.559313 0.687307 
0.993591 0.99939 
0.175817 0.382366 
0.675222 0.452986 
0.487472 -0.0630817 
-0.0840785 0.898312 
0.470016 0.217933 
-0.149693 0.605762 
0.0342113 0.97998 
0.503098 -0.308878 
0.399518 0.00961328 
0.933226 0.366375 
0.643361 0.164098 
0.634388 -0.0494705 
0.464034 -0.188818 
0.364483 0.511704 
0.443831 -0.0494094 
0.0340282 0.325968 
0.898679 0.842769 
0.69396 -0.366253 
0.965941 -0.404401 
0.478378 0.134556 
0.678884 -0.204688 
0.00180054 0.780328 
0.686087 0.253517 
0.684317 -0.753349 
-0.371868 0.882138 
0.66924 0.415998 
0.200476 0.49443 
0.612476 0.705252 
0.50444 0.372295 
0.155736 0.0651571 
0.0082705 0.926084 
0.391522 0.849605 
-0.0851161 0.996033 
0.863033 -0.903134 
0.789239 -0.419965 
0.256142 0.208289 
0.195654 0.269448 
0.709586 0.657582 
0.24955 0.441816 
0.110263 0.810175 
0.209449 0.397015 
0.48149 0.224097 
0.240761 0.382244 
0.609058 -0.701773 
0.152074 0.735466 
0.823115 0.229408 
0.335551 0.953063 
0.702445 0.488632 
0.28196 0.640004 
0.475997 -0.372234 
0.653371 0.918149 
0.746696 0.450056 
-0.399884 0.887997 
0.569933 0.0491654 
0.219275 0.912229 
0.839961 0.102329 
-0.00637835 0.586718 
0.376324 0.0643024 
0.726493 -0.0169988 
0.494675 -0.00619525 
-0.239784 0.570727 
0.911435 0.261696 
0.903439 0.223975 
0.728629 0.193762 
0.443281 0.707938 
0.415815 0.234291 
-0.564867 -0.868099 
-0.66216 0.248207 
-0.318033 -0.361187 
-0.26487 0.322001 
0.604785 0.613758 
0.0530717 0.222205 
0.596362 0.801202 
-0.710379 0.260353 
-0.195166 -0.492599 
-0.72692 0.710379 
-0.867672 -0.144383 
0.146703 -0.395428 
0.0961028 -0.548875 
-0.3773 -0.778741 
0.616077 -0.730583 
-0.431501 0.57622 
0.79046 0.579272 
0.487594 0.230445 
-0.277749 0.713309 
-0.543016 0.727165 
-0.541124 -0.5009 
0.084811 0.969665 
-0.892392 -0.837153 
0.0493485 -0.146397 
-0.810663 -0.482406 
0.783074 -0.534471 
-0.7069 -0.749809 
0.863277 -0.839778 
-0.90582 -0.882565 
-0.327189 0.829401 
-0.202796 -0.134434 
0.892331 0.674368 
0.0684531 0.684194 
0.387066 -0.204627 
-0.481674 -0.991333 
0.0511795 0.909604 
-0.202612 -0.517808 
0.171117 -0.489731 
0.368023 0.890561 
-0.129002 0.78045 
-0.985656 0.881954 
0.203101 0.572314 
0.153355 -0.71514 
-0.555345 -0.233985 
-0.991455 -0.164159 
-0.835505 0.319865 
0.710196 -0.870296 
0.62212 0.324137 
0.382977 0.605396 
0.060274 0.371258 
-0.714469 0.379009 
0.455794 0.555467 
-0.937864 0.737358 
0.289041 0.413129 
-0.829096 0.103977 
0.89581 -0.882443 
-0.450056 -0.709647 
0.963561 0.239967 
-0.41551 0.844966 
-0.264931 0.389081 
-0.562731 -0.688162 
-0.518906 0.0428785 
0.804559 -0.787164 
0.805292 -0.11655 
-0.839778 0.564196 
-0.656423 0.94879 
0.551744 0.740776 
-0.578722 -0.0867641 
-0.992492 0.501266 
-0.771905 -0.190588 
-0.377728 0.985229 
-0.922849 -0.495834 
-0.621448 -0.504624 
-0.692984 0.240638 
0.770745 0.87817 
-0.608692 0.559313 
0.291116 0.313517 
0.818293 -0.0890836 
0.842586 0.328349 
-0.698477 0.272683 
0.139073 -0.155919 
0.886044 0.0811487 
0.15714 0.0729088 
-0.489425 -0.206092 
-0.299478 -0.926756 
0.590503 -0.606983 
-0.859432 -0.221168 
0.181494 -0.85815 
-0.604663 -0.688223 
0.288675 -0.0913419 
0.208594 0.394696 
-0.117405 0.368938 
-0.206946 0.671438 
0.184423 -0.600818 
0.898923 0.752007 
-0.21659 0.974914 
-0.629383 0.791437 
0.1489 -0.115879 
0.254677 0.417035 
-0.900754 -0.428877 
-0.479598 -0.184729 
0.790643 0.420393 
0.456893 0.792108 
-0.212867 -0.205176 
0.807733 -0.382794 
-0.223792 0.141148 
-0.292886 0.467391 
0.490707 0.472762 
0.478866 -0.721366 
-0.599658 -0.454817 
0.360881 0.82226 
-0.264321 0.0353099 
-0.781243 0.814875 
-0.59386 0.0359203 
0.309671 -0.122959 
0.375286 -0.819147 
-0.840876 -0.848445 
-0.944395 -0.289834 
-0.38554 0.394574 
-0.714652 -0.210303 
-0.864315 0.351482 
0.449873 -0.602588 
0.388043 0.231422 
0.309793 0.0879849 
-0.8034 0.0907315 
-0.900754 0.949156 
-0.0719321 0.93994 
0.455733 0.0619221 
0.359844 0.385601 
-0.255776 -0.222755 
-0.900082 0.619556 
-0.660878 -0.878353 
-0.378887 0.568957 
-0.57506 -0.356182 
-0.0306711 -0.981689 
-0.120273 0.015717 
0.21189 0.517075 
-0.197851 -0.300394 
0.685293 0.88464 
0.24662 0.994568 
-0.893063 0.125706 
0.727103 -0.226478 
-0.387188 -0.431562 
-0.946593 0.225135 
-0.217627 -0.962767 
-0.937925 -0.0885952 
0.715873 0.873531 
-0.196203 0.454573 
0.223182 0.616749 
0.750847 0.165197 
0.190039 -0.841975 
0.586352 -0.0755944 
0.181249 0.178869 
0.138401 0.63213 
0.3455 -0.312845 
-0.979553 -0.465377 
-0.316874 -0.535813 
0.542039 -0.256508 
0.739738 -0.766289 
0.451155 0.257851 
0.787896 -0.633961 
0.0711386 0.80401 
0.560167 0.930418 
-0.605274 0.803095 
0.594836 0.906796 
0.697623 0.780694 
0.257424 -0.629078 
0.233863 -0.470016 
-0.498703 0.4644 
0.57622 -0.658132 
0.427778 -0.0381176 
0.710685 -0.750725 
-0.0540483 0.524094 
0.990051 -0.969298 
0.295267 0.383282 
0.677847 0.113315 
-0.257546 0.559008 
0.942076 -0.436506 
0.398541 -0.324015 
0.315043 0.752495 
0.0709555 0.140049 
0.726676 -0.0268258 
0.418805 0.556932 
0.728446 0.701102 
0.289834 0.493698 
0.657277 0.531236 
0.743828 0.816645 
0.825068 0.0439161 
-0.291971 0.646107 
0.367779 0.615223 
0.828303 0.274941 
0.308023 0.563768 
0.100803 0.966979 
0.968871 0.511643 
0.423261 0.997497 
0.551012 0.283303 
0.242409 0.892209 
0.096469 0.424726 
-0.0147405 0.904111 
0.33964 0.53032 
0.246742 -0.108493 
0.597522 0.491073 
0.977844 -0.590747 
0.25895 0.819636 
0.182592 0.836787 
-0.100558 0.77868 
0.880795 -0.634144 
0.460982 0.88226 
0.112705 0.0889615 
0.992065 -0.744499 
0.307169 -0.17893 
0.605457 -0.129856 
0.654653 0.466597 
0.782281 0.28666 
0.301187 0.028962 
0.46794 0.474349 
0.914182 -0.0683309 
0.80932 0.642445 
0.738884 0.522752 
0.872249 -0.864498 
0.160192 0.380596 
0.463118 0.831294 
0.617725 -0.243629 
0.994995 0.54503 
0.920286 -0.619495 
0.52208 0.762078 
-0.147252 0.603076 
0.498764 -0.522996 
0.84405 0.787652 
-0.0182195 0.264077 
0.49443 0.512131 
0.583972 -0.600757 
0.0443434 0.580737 
0.463485 0.106723 
0.828425 0.751091 
0.59386 -0.389141 
0.512375 -0.560533 
0.596301 -0.127476 
0.963439 0.271096 
0.748711 -0.841426 
0.628407 -0.520005 
0.79577 -0.486984 
0.749687 0.775384 
0.689566 0.218543 
0.788934 0.246071 
0.0926847 0.823359 
0.045198 0.461287 
0.998657 0.938658 
0.734855 0.68041 
0.947508 0.483627 
0.290078 0.625416 
0.471847 0.636341 
0.830866 0.779351 
0.508957 0.813044 
0.542344 -0.543504 
0.113193 0.612781 
0.704031 -0.336772 
0.0778527 0.983581 
0.738701 0.293741 
-0.350139 0.798028 
0.787896 -0.10886 
0.120151 0.248085 
0.728263 -0.720756 
0.363323 0.122898 
0.917661 0.214454 
0.576464 -0.154576 
0.636769 0.478927 
0.496628 -0.332255 
0.804254 -0.0754723 
0.364849 0.938169 
0.00088501 0.412763 
0.293252 0.194433 
-0.0798669 0.496323 
-0.0469069 0.252968 
0.193701 0.767754 
-0.135655 0.863094 
0.730399 -0.125156 
0.399274 -0.334086 
0.204688 -0.00289923 
0.874691 0.719047 
0.928221 0.217628 
0.749565 -0.391461 
0.563036 0.86578 
0.748833 -0.499863 
0.733207 -0.537828 
0.780694 0.148656 
-0.0102237 0.919614 
-0.175451 0.849422 
0.902646 0.0967132 
0.669851 0.588855 
0.60332 0.185705 
0.740165 -0.363872 
0.878353 -0.464156 
0.886654 0.437544 
-0.0904263 0.724601 
0.594409 0.559313 
0.562853 0.843013 
0.684255 -0.514756 
-0.282266 0.613453 
0.329813 0.741508 
0.865047 0.890561 
0.11594 0.600513 
0.790277 -0.854976 
0.744621 0.644826 
0.343913 -0.098117 
-0.437239 0.898923 
0.964293 0.456099 
0.201025 -0.0252998 
-0.0431226 0.383587 
0.896298 0.342265 
0.965148 -0.524949 
0.796075 -0.0312815 
0.845637 0.479354 
0.614002 0.300882 
0.443526 0.718131 
0.676382 0.237037 
0.0811487 0.208106 
0.137364 0.554735 
0.280068 0.393475 
0.519883 0.736015 
0.96411 0.0129093 
-0.264992 0.911069 
0.720145 -0.325053 
0.573717 0.299234 
-0.0925626 0.517686 
0.746513 0.135167 
0.736992 -0.837581 
0.590808 0.999329 
0.269997 0.237709 
0.189551 0.186255 
-0.186377 0.589892 
0.952086 -0.552721 
0.791559 -0.30607 
0.907041 0.330241 
0.418683 0.687613 
0.34373 0.638295 
0.209265 0.870663 
0.49382 0.747673 
0.824458 0.660207 
0.0852382 0.378094 
-0.21073 0.986389 
0.724418 0.526597 
0.925108 0.147801 
0.757317 -0.182592 
0.317057 0.646718 
0.890378 -0.43376 
-0.156102 0.908994 
0.246254 0.61681 
0.707022 -0.376934 
-0.061861 0.990234 
0.160863 0.755486 
0.902097 0.0182806 
-0.0563677 0.258278 
-0.12186 0.98883 
0.938414 -0.261147 
0.807978 0.0434278 
-0.171178 0.529466 
0.683218 -0.221778 
-0.145054 0.448347 
0.69396 0.275613 
0.826777 -0.541368 
0.927366 0.618519 
-0.107089 0.825983 
-0.0558184 0.39848 
-0.502792 0.873409 
0.644887 0.639271 
0.259804 0.590136 
-0.420942 0.905942 
0.718925 0.0348827 
0.842097 -0.0174871 
0.829585 -0.176672 
0.355876 0.0548418 
0.648427 0.674368 
0.740898 -0.702017 
0.941588 0.0767541 
0.913572 0.186987 
0.477584 -0.411237 
0.359661 0.572253 
0.842647 0.856868 
0.68865 -0.48204 
0.80755 -0.70336 
0.785516 -0.281167 
0.913388 -0.236854 
0.775079 -0.239784 
-0.133457 0.349284 
0.0556962 0.604114 
0.588244 0.49266 
-0.0266427 0.655568 
0.822504 0.525803 
0.216224 0.567309 
0.523545 -0.133335 
0.272927 0.609119 
0.926389 0.418805 
0.137913 0.0660115 
0.97589 0.833064 
0.413923 -0.0581378 
0.050203 0.622242 
0.658437 0.108799 
0.893368 0.446211 
0.837764 0.0976897 
-0.269448 0.768731 
0.582568 -0.261635 
0.716239 0.488693 
0.67333 -0.62859 
0.415204 -0.114536 
0.713553 0.613269 
0.91113 0.0744957 
0.83343 0.30546 
0.931638 -0.805841 
0.797357 -0.0438551 
-0.174474 0.8446 
0.379009 0.652882 
0.306864 -0.162999 
0.661183 -0.262734 
0.755913 0.0400708 
0.924558 -0.210608 
0.451399 0.261208 
-0.251747 0.62682 
0.487167 -0.275246 
0.567431 -0.452132 
0.396832 0.340495 
-0.340983 0.904477 
-0.447127 0.922239 
0.249672 0.51207 
0.424299 -0.324198 
0.401105 0.261391 
0.728263 0.183874 
0.343547 0.106967 
0.496139 -0.43553 
0.588061 0.670461 
0.447615 -0.407086 
0.341533 0.477035 
0.776482 0.513169 
0.466903 0.954955 
0.602405 0.225806 
0.997009 -0.252663 
0.895993 -0.558763 
0.260537 0.151402 
-0.0841395 0.284646 
0.989074 0.508225 
0.786615 0.0953093 
0.783563 0.737724 
0.23191 0.439802 
0.433576 0.659963 
0.772088 -0.872555 
0.523606 0.157567 
0.99414 -0.911069 
0.283486 0.786187 
0.757927 -0.101352 
0.928831 0.478744 
0.206763 0.242897 
0.788446 0.364971 
0.0633259 0.431013 
0.94171 0.77929 
Cluster 1 :
-0.997497 0.127171 
-0.613392 0.617481 
-0.651784 0.717887 
-0.39201 -0.970031 
-0.817194 -0.271096 
-0.705374 -0.668203 
-0.761834 -0.990661 
-0.982177 -0.24424 
-0.667531 0.32609 
-0.0984222 -0.295755 
-0.885922 0.215369 
0.0397656 -0.3961 
0.0787072 -0.715323 
-0.0758385 -0.529344 
0.222999 -0.215125 
-0.467574 -0.405438 
0.680288 -0.952513 
-0.248268 -0.814753 
0.354411 -0.88757 
-0.982421 0.83758 
-0.448225 -0.454207 
-0.0301217 -0.589282 
0.488876 -0.783441 
0.198096 -0.22953 
0.14481 -0.277322 
-0.69689 -0.549791 
-0.662038 0.314615 
-0.0162053 -0.872921 
-0.705008 0.899167 
-0.716849 0.810236 
0.385785 -0.393902 
-0.146886 -0.859249 
-0.693533 0.754509 
-0.617298 -0.644215 
-0.688894 0.00784326 
-0.44084 0.137486 
-0.75396 -0.264382 
0.669362 -0.929807 
-0.147557 -0.790643 
0.0990936 -0.308023 
-0.0565508 -0.250038 
-0.0878018 -0.456221 
-0.60802 0.522629 
-0.945067 0.989257 
0.145177 -0.898984 
0.0626545 -0.611866 
0.315226 -0.604297 
-0.780145 0.486251 
-0.427839 -0.327372 
-0.719474 0.46617 
-0.494552 -0.711051 
-0.996765 -0.877987 
-0.578845 -0.768792 
0.106418 -0.971496 
-0.772454 -0.0909757 
0.0868862 -0.852229 
-0.12656 -0.596118 
0.392437 -0.419294 
-0.126621 -0.535142 
0.257363 -0.679617 
-0.620106 -0.328104 
-0.6433 0.990356 
-0.804987 0.250343 
-0.811212 -0.124546 
-0.545396 0.538133 
-0.178564 -0.596057 
-0.0967742 -0.0672933 
0.131504 -0.249733 
-0.631459 0.475814 
-0.514267 -0.62212 
0.169225 -0.297403 
-0.0110782 -0.839229 
0.455367 -0.913572 
-0.369976 0.138401 
-0.388348 -0.65215 
-0.782891 0.73809 
-0.690237 -0.346171 
-0.841304 -0.846797 
0.0901822 -0.103488 
-0.182043 -0.402509 
-0.0688803 0.00241101 
-0.694693 -0.353923 
-0.745537 -0.868526 
-0.855464 0.751274 
0.307718 -0.355754 
-0.790399 0.0101017 
-0.545824 -0.419416 
0.325602 -0.770928 
-0.0149236 -0.241737 
0.0185248 -0.235267 
0.212561 -0.209632 
-0.98822 0.415754 
-0.798761 0.246132 
0.105625 -0.285806 
-0.64684 -0.251503 
-0.736747 0.486557 
-0.944334 -0.340312 
-0.88818 0.27842 
-0.736747 0.694144 
-0.970641 -0.747063 
-0.837031 0.613086 
-0.385052 0.146641 
-0.61626 0.45555 
-0.651723 -0.85577 
-0.450056 0.353252 
-0.534959 0.276467 
-0.536668 -0.590808 
-0.954222 0.538438 
-0.696341 -0.906064 
-0.981506 -0.302835 
0.287759 -0.313517 
-0.170873 -0.166967 
-0.818659 0.0903653 
-0.892026 -0.068453 
-0.480026 -0.146397 
-0.825129 0.131626 
-0.413984 0.728752 
-0.119663 -0.784722 
-0.144566 -0.660329 
-0.998291 0.314921 
0.547105 -0.872555 
-0.820368 -0.228675 
-0.691824 -0.714286 
-0.903073 -0.307718 
-0.962889 0.956847 
0.295267 -0.892697 
-0.13657 -0.957884 
-0.514817 -0.216102 
-0.954344 0.652089 
-0.723136 0.268532 
-0.0731528 -0.570421 
-0.398602 0.564318 
-0.31492 -0.038789 
0.21604 -0.794977 
-0.698233 -0.0871914 
0.376324 -0.420392 
0.134312 -0.419233 
-0.507126 0.0933561 
0.0110782 -0.0212104 
-0.496078 -0.593982 
0.25016 -0.917295 
0.282693 -0.930967 
-0.107334 -0.877255 
0.201819 -0.899289 
-0.654408 0.320475 
-0.335124 -0.368084 
-0.144993 -0.556749 
0.357036 -0.667104 
-0.00491351 0.0152898 
-0.990966 -0.321024 
-0.248207 -0.742851 
-0.273476 -0.775628 
-0.0904263 -0.782647 
-0.921751 -0.166662 
-0.670278 -0.577441 
-0.766167 0.182226 
-0.763298 0.236549 
0.339457 -0.402997 
-0.591174 -0.658864 
-0.223487 -0.637562 
0.161962 -0.608753 
-0.236549 -0.39201 
-0.758354 -0.603687 
-0.907529 0.542344 
-0.99646 -0.102756 
-0.0773034 -0.0102847 
0.118809 -0.814508 
0.714042 -0.880734 
-0.48851 0.819819 
0.105686 -0.897519 
0.408307 -0.951903 
-0.21012 -0.0362255 
-0.894833 0.303934 
-0.998291 0.537156 
-0.690481 -0.884945 
0.341227 -0.934629 
-0.308267 0.395733 
-0.409406 -0.0460525 
-0.798028 -0.713553 
-0.713981 0.835994 
-0.38255 -0.252358 
0.627674 -0.906735 
-0.461287 -0.583972 
-0.541246 0.692312 
-0.91821 -0.652943 
-0.632496 -0.288186 
-0.101474 -0.629871 
-0.706656 -0.251198 
-0.431257 -0.658071 
0.43321 -0.938231 
-0.750725 0.437788 
-0.249855 0.299661 
-0.935667 0.546983 
-0.102268 -0.984863 
-0.542772 -0.16306 
-0.686819 0.838069 
0.00338757 -0.514267 
-0.573046 -0.935789 
-0.544542 0.625599 
-0.257912 -0.266213 
-0.930052 0.122593 
-0.20426 -0.76043 
-0.597034 0.880367 
-0.74987 0.69866 
-0.555773 0.269509 
-0.152684 -0.96704 
-0.465194 -0.416059 
-0.728446 0.0330515 
-0.959838 -0.986023 
0.535813 -0.898984 
0.26194 -0.951659 
-0.468123 0.644704 
-0.472762 0.688467 
-0.296793 -0.971007 
-0.192236 -0.232765 
-0.944762 -0.422346 
-0.234046 0.0662557 
-0.979858 0.948485 
0.119236 -0.921995 
-0.243568 -0.533921 
0.167943 -0.847102 
-0.185949 -0.389386 
-0.00283819 -0.8399 
0.176855 -0.567553 
-0.441389 0.121433 
-0.397198 0.454268 
-0.61858 -0.106418 
-0.942442 0.990478 
-0.881527 0.23838 
-0.486129 -0.660329 
-0.767754 -0.537034 
-0.901425 -0.840754 
-0.324686 -0.440535 
0.0310984 -0.018891 
0.202124 -0.415693 
-0.0484939 -0.196692 
-0.744743 0.549791 
-0.0542314 -0.648183 
-0.946654 -0.916745 
-0.727775 -0.971068 
-0.57445 0.637074 
0.316996 -0.402509 
-0.00247198 -0.953978 
-0.848567 -0.938231 
-0.287576 0.430647 
-0.180395 -0.639149 
-0.404157 -0.635792 
0.489792 -0.730522 
-0.883541 0.0512406 
-0.682363 0.799738 
-0.736381 -0.941527 
-0.637135 0.636158 
-0.501572 0.141392 
-0.306192 0.0798669 
-0.789605 -0.693533 
-0.223426 0.0975677 
0.189612 -0.455245 
-0.736076 -0.604114 
-0.289346 -0.540147 
0.027131 -0.528367 
-0.347087 0.074984 
0.141575 -0.326945 
-0.30369 -0.66155 
-0.41966 -0.561449 
0.373394 -0.459822 
0.533738 -0.871151 
-0.316874 -0.911252 
-0.0314035 -0.958434 
-0.684011 -0.152989 
0.572924 -0.957152 
-0.123264 -0.915708 
0.0126041 -0.46147 
-0.86346 -0.5103 
0.231056 -0.857967 
-0.516221 -0.420942 
-0.898068 0.985412 
-0.65508 -0.862178 
-0.55974 -0.398175 
-0.832636 -0.474471 
-0.727042 -0.564928 
0.125156 -0.643483 
0.264565 -0.786187 
-0.332377 -0.885189 
-0.43498 0.388592 
-0.611499 0.957762 
-0.536973 -0.915403 
-0.521897 -0.489731 
-0.455061 0.800104 
-0.241127 0.455123 
-0.587023 -0.894101 
0.209143 -0.292032 
-0.277505 0.336222 
-0.596667 -0.435286 
-0.289102 0.0639973 
-0.418012 -0.560045 
-0.800775 -0.786554 
-0.988464 -0.017304 
-0.418744 0.211646 
0.211829 -0.39024 
0.568468 -0.699759 
-0.796136 -0.176794 
-0.945128 0.374859 
-0.482223 -0.661977 
-0.542711 -0.621998 
-0.904782 -0.0335398 
-0.887692 0.922483 
-0.830012 0.130955 
-0.193701 -0.173009 
-0.995544 0.232521 
-0.90112 0.312113 
0.207923 -0.598254 
-0.171239 -0.318888 
-0.990295 -0.789483 
-0.211158 -0.446272 
-0.366436 0.648488 
-0.604663 0.129368 
-0.133518 -0.263039 
-0.16245 -0.230262 
-0.325175 -0.213233 
-0.162816 0.21659 
0.553514 -0.832698 
-0.697623 -0.584155 
-0.825312 -0.365459 
-0.334452 -0.841365 
0.229041 -0.714347 
-0.438582 0.649953 
-0.558092 -0.785333 
0.0379956 -0.470809 
-0.98529 0.152501 
0.541124 -0.784967 
-0.554674 -0.394757 
-0.0430616 -0.378765 
0.469832 -0.817194 
-0.836543 0.50615 
-0.28074 -0.0499588 
-0.811212 -0.169408 
-0.62328 -0.313761 
-0.379376 -0.691458 
-0.316935 -0.635426 
-0.455428 -0.588122 
-0.65508 -0.329447 
-0.869137 0.00381482 
-0.641469 -0.0361645 
-0.445112 -0.400922 
-0.985595 -0.478072 
0.415021 -0.487655 
-0.812922 0.651967 
-0.846614 -0.434736 
-0.232276 0.286538 
0.0301828 -0.136937 
-0.718558 0.94995 
-0.850765 -0.989624 
0.510666 -0.624683 
-0.796564 -0.153722 
-0.457015 -0.00100714 
-0.558641 -0.866512 
-0.590747 -0.604541 
-0.614185 -0.60094 
-0.789117 -0.876217 
-0.337077 0.369121 
-0.465804 -0.0343333 
0.118076 -0.442427 
-0.305643 -0.89172 
-0.263039 -0.435224 
-0.577502 -0.350871 
-0.899716 0.763237 
-0.502365 -0.192358 
-0.710257 0.750542 
-0.606311 -0.0965911 
-0.651112 -0.354656 
-0.604907 0.725761 
-0.905393 0.486435 
-0.927915 -0.738334 
-0.835261 0.10538 
-0.562243 -0.845637 
-0.39079 -0.87109 
-0.177465 -0.732597 
-0.496628 0.641285 
0.0175481 -0.462569 
-0.756523 -0.431135 
-0.410504 -0.310709 
0.0344554 -0.865352 
-0.792718 0.0191351 
-0.0521562 -0.0973846 
0.319437 -0.754936 
0.0148015 -0.77514 
-0.440413 0.0929289 
-0.0722983 -0.280679 
-0.115818 0.17185 
-0.24192 0.264077 
0.115207 -0.0348216 
-0.98059 -0.781487 
-0.91876 -0.556444 
-0.488083 -0.179418 
-0.733879 0.088107 
-0.563463 0.847652 
-0.373272 -0.713553 
0.213721 -0.97943 
-0.226234 -0.975219 
-0.525864 0.771416 
0.184912 -0.694815 
-0.966918 0.0704062 
-0.551073 -0.188879 
-0.200842 0.0122379 
-0.329386 -0.343181 
0.250832 -0.498459 
-0.420087 0.0670491 
-0.343669 0.349162 
-0.0793176 0.165502 
-0.758049 0.329447 
-0.702628 -0.505234 
-0.776849 -0.795953 
-0.0185247 -0.0925016 
0.279824 -0.801569 
0.70513 -0.872127 
-0.528794 0.637928 
0.126438 -0.650563 
-0.751518 0.514206 
-0.172399 -0.441145 
-0.658071 0.0884122 
-0.517502 -0.362774 
-0.549852 0.31608 
0.28666 -0.887936 
-0.358623 -0.384747 
-0.674062 -0.262917 
-0.527573 -0.478378 
0.165624 -0.457991 
0.428266 -0.956847 
-0.747246 0.439741 
-0.238197 0.0478835 
-0.00967437 -0.938414 
-0.300821 0.145177 
0.52855 -0.954711 
-0.998718 0.0939054 
0.0773034 -0.188818 
-0.796442 -0.221229 
-0.806574 0.336406 
-0.676321 0.381878 
0.139012 -0.470138 
-0.777093 -0.465743 
-0.0242012 -0.570177 
-0.302957 -0.0347606 
-0.708914 0.859798 
-0.902707 0.311502 
0.484787 -0.800043 
0.301492 -0.600818 
-0.531297 0.464278 
0.462142 -0.696158 
0.512436 -0.694449 
-0.190527 0.22898 
-0.210486 0.207251 
-0.0238349 -0.0972625 
-0.328532 0.166112 
-0.279336 0.499496 
-0.837092 -0.80871 
-0.206641 -0.783624 
-0.17008 -0.132176 
-0.460555 -0.0939665 
-0.550035 -0.47734 
-0.176611 -0.535874 
-0.316568 0.446089 
-0.528733 -0.782403 
0.135899 -0.969787 
0.0218208 -0.0831019 
0.404767 -0.508347 
-0.792901 -0.466659 
-0.0674154 0.213538 
