Cluster 0 :
0.664602 -0.461165 
0.428816 -0.29075 
0.533738 -0.017304 
0.999512 -0.338237 
0.125523 -0.384198 
0.888668 -0.422224 
0.310709 -0.789727 
0.92291 -0.799738 
0.665395 -0.0164495 
0.444929 -0.0879238 
0.0793176 -0.621021 
0.582324 -0.349834 
0.196692 -0.315104 
0.127781 -0.929563 
0.509384 -0.335795 
0.293802 -0.475387 
0.68218 -0.528916 
0.774529 -0.506882 
0.543382 -0.495468 
0.562181 -0.446028 
0.436384 -0.971435 
0.561876 -0.754631 
0.42552 -0.0265816 
0.724357 -0.689871 
0.796258 -0.213355 
0.333109 -0.745659 
0.309976 -0.467025 
0.359294 -0.760796 
0.255898 -0.277017 
0.745842 -0.916745 
0.00698876 -0.846919 
0.367901 -0.744072 
0.410993 -0.942442 
0.869747 -0.973327 
0.552415 -0.891964 
0.547777 -0.860836 
0.524583 -0.587023 
0.74865 -0.366619 
0.252846 -0.637623 
0.296304 -0.666982 
0.822749 -0.160802 
0.78692 -0.353191 
0.898434 -0.963012 
0.47972 -0.793207 
0.13303 -0.443037 
0.115452 -0.925474 
0.520981 -0.130772 
0.74633 -0.651357 
0.525193 -0.796197 
0.446882 -0.104587 
0.732902 -0.528306 
0.606494 -0.19895 
0.891964 -0.42906 
0.751945 -0.664663 
0.232887 -0.999817 
0.747307 -0.692129 
0.317179 -0.1901 
0.896115 -0.69921 
0.927976 -0.750481 
0.275246 -0.351177 
0.0537431 -0.633595 
0.545213 -0.642689 
0.993408 -0.970214 
0.388531 -0.0254219 
0.837336 -0.739677 
0.61681 -0.398297 
0.974731 -0.921812 
0.722037 -0.423139 
0.777093 -0.46263 
0.316202 -0.358867 
0.925352 -0.061861 
0.702994 -0.063509 
0.678518 -0.0448927 
0.239723 -0.408368 
0.675466 -0.43968 
0.0723594 -0.418012 
0.532701 -0.217689 
0.6751 -0.0336009 
0.876034 -0.603137 
0.289651 -0.832087 
0.834712 -0.803461 
0.353679 -0.532578 
0.854488 -0.71691 
0.0835291 -0.438215 
0.759392 -0.92407 
0.801874 -0.353191 
0.964721 -0.19657 
0.50792 -0.828181 
0.563463 -0.135472 
0.468612 -0.123508 
0.816889 -0.0677816 
0.537584 -0.432295 
0.701651 -0.176 
0.217811 -0.330424 
0.286172 -0.544176 
0.882687 -0.887143 
0.849483 -0.953124 
0.936338 -0.0633259 
0.588855 -0.315104 
0.545518 -0.603137 
0.742058 -0.523667 
0.5609 -0.34489 
0.352519 -0.390667 
0.932737 -0.765313 
0.337077 -0.669301 
0.832331 -0.632252 
0.0525223 -0.607471 
0.899533 -0.827937 
0.646779 -0.0807214 
0.502243 -0.164891 
0.45732 -0.624195 
0.841365 -0.136876 
0.408857 -0.38963 
0.283486 -0.370159 
0.794305 -0.504074 
0.838313 -0.183081 
0.254128 -0.660939 
0.580615 -0.642384 
0.760369 -0.731193 
0.865597 -0.777215 
0.558397 -0.811823 
0.491684 -0.952513 
0.269753 -0.633412 
0.381756 -0.767144 
0.494491 -0.0805994 
0.149144 -0.415082 
0.421552 -0.279031 
0.651906 -0.803766 
0.590564 -0.54326 
0.789178 -0.829951 
0.647023 -0.120518 
0.29136 -0.654042 
0.495346 -0.813166 
0.621937 -0.33433 
0.905515 -0.811762 
0.804071 -0.520432 
0.860347 -0.512864 
0.416486 -0.528855 
0.72515 -0.956725 
0.956236 -0.234535 
0.898129 -0.350566 
0.685171 -0.0591754 
0.330912 -0.735527 
0.0514847 -0.460738 
0.255959 -0.653615 
0.85052 -0.915159 
0.142857 -0.940245 
0.914426 -0.0994598 
0.373882 -0.852901 
0.534166 -0.454939 
0.540147 -0.65801 
0.045259 -0.626331 
0.72515 -0.668996 
0.423505 -0.726188 
0.764458 -0.10654 
0.309122 -0.958251 
0.424604 -0.274392 
0.487472 -0.592517 
0.985412 -0.664846 
0.501328 -0.566698 
0.29606 -0.617542 
0.673757 -0.344157 
0.330424 -0.263527 
0.179418 -0.782159 
0.38731 -0.908811 
0.768181 -0.045442 
0.187475 -0.599536 
0.466292 -0.150853 
0.0817591 -0.651235 
0.610889 -0.174108 
0.665944 -0.667348 
0.168798 -0.880917 
0.333354 -0.165319 
0.308206 -0.627674 
0.593005 -0.701041 
0.335734 -0.531968 
0.887326 -0.0868862 
0.305094 -0.241615 
0.68102 -0.0828577 
0.889157 -0.0480667 
0.16831 -0.837031 
0.0970794 -0.893735 
0.335795 -0.91406 
0.40904 -0.647328 
0.837275 -0.501266 
0.513474 -0.745354 
0.457137 -0.577929 
0.563158 -0.276162 
0.600757 -0.560961 
0.132481 -0.812128 
0.287759 -0.709647 
0.907895 -0.180944 
0.448103 -0.504074 
0.741508 -0.561876 
0.246437 -0.468001 
0.328288 -0.372112 
0.721732 -0.710807 
0.558275 -0.718925 
0.189612 -0.76812 
0.465743 -0.822138 
0.380779 -0.491745 
0.368084 -0.249489 
0.237098 -0.734733 
0.547777 -0.893979 
0.693472 -0.293924 
0.825434 -0.775994 
0.849971 -0.0763878 
0.876522 -0.999756 
0.195227 -0.915647 
0.283792 -0.952818 
0.336344 -0.364055 
0.575487 -0.998535 
0.81634 -0.737236 
0.288553 -0.677664 
0.341594 -0.74041 
0.87463 -0.733207 
0.597705 -0.59801 
0.907285 -0.863155 
0.741752 -0.0466018 
0.162084 -0.883724 
0.353008 -0.387249 
0.905271 -0.99646 
0.960631 -0.224952 
0.376385 -0.648549 
0.449141 -0.546007 
0.494003 -0.298502 
0.714591 -0.0943327 
0.984558 -0.350444 
0.727165 -0.100497 
0.715262 -0.754936 
Cluster 1 :
0.569201 0.932249 
0.69335 0.88403 
0.721061 0.383221 
0.800226 0.382 
0.929991 0.311441 
0.342021 0.147191 
0.748039 0.88818 
0.203528 0.428999 
0.0971404 0.923887 
0.559313 0.480636 
0.689749 0.314188 
0.996216 0.596851 
0.884213 0.5468 
0.652455 0.474715 
0.758782 0.791009 
0.675222 0.680471 
0.903378 0.9176 
0.574206 0.0294504 
0.969726 0.942503 
0.516953 0.248085 
0.823603 0.372723 
0.904172 0.163121 
0.639576 0.680715 
0.854427 0.196692 
0.244667 0.638417 
0.760857 0.593799 
0.543626 0.246132 
0.269631 0.851802 
0.489364 0.23191 
0.290017 0.515427 
0.961364 0.744255 
0.664052 0.199927 
0.497848 0.792535 
0.24308 0.421552 
0.957518 0.83758 
0.308573 0.598804 
0.3726 0.749565 
0.62804 0.650929 
0.98291 0.206336 
0.447371 0.465682 
0.393902 0.741813 
0.279031 0.349223 
0.413312 0.177404 
0.489486 0.203284 
0.562487 0.833613 
0.368816 0.223365 
0.755486 0.0540483 
0.50737 0.189062 
0.654653 0.482589 
0.773675 0.933897 
0.8905 0.69628 
0.843867 0.44261 
0.419904 0.0882901 
0.865413 0.456648 
0.971618 0.813654 
0.93054 0.0250556 
0.283364 0.249001 
0.56737 0.303201 
0.803705 0.419843 
0.362468 0.652821 
0.685232 -0.00344861 
0.499802 0.787408 
0.252663 0.599231 
0.170385 0.571703 
0.288675 0.854854 
0.386151 0.250526 
0.666433 0.838435 
0.872738 0.11948 
0.560472 0.600513 
0.764031 0.0926237 
0.335551 0.943602 
0.464095 0.914792 
0.983093 0.524216 
0.968566 0.276406 
0.91174 0.990173 
0.283303 0.682119 
0.28605 0.672109 
0.386456 0.278359 
0.972411 0.958068 
0.543199 0.884396 
0.857906 0.33549 
0.255531 0.561876 
0.858211 0.13657 
0.956725 0.435041 
0.278298 0.998169 
0.820795 0.749016 
0.469283 0.529649 
0.393048 0.102573 
0.985961 0.345866 
0.900815 0.369915 
0.963805 0.494614 
0.386517 0.711722 
0.934812 0.535813 
0.416852 0.365459 
0.319742 0.691885 
0.810724 -0.0101016 
0.420881 0.861507 
0.593249 0.0638752 
0.942991 -0.00906402 
0.767937 0.52324 
0.737419 0.679922 
0.784417 0.706168 
0.167699 0.688284 
0.28666 0.502731 
0.930784 0.969665 
0.759514 0.663503 
0.841365 0.490341 
0.737297 0.956114 
0.516587 0.260292 
0.882199 0.674062 
0.813959 0.116733 
0.380657 0.994079 
0.281899 0.467391 
0.355693 0.224769 
0.594653 0.129002 
0.439985 0.89349 
0.560106 0.350932 
0.473983 0.110263 
0.188208 0.608081 
0.251808 0.835994 
0.961608 0.979125 
0.954039 0.984313 
0.936094 -0.00894195 
0.87402 0.986389 
0.449873 0.436506 
0.588916 0.398785 
0.470382 0.126804 
0.313334 0.626331 
0.611011 0.892636 
0.523972 0.529893 
0.667592 0.138646 
0.0820643 0.812067 
0.203894 0.62566 
0.254433 0.637623 
0.479171 0.562914 
0.198401 0.553697 
0.874325 0.26957 
0.539293 0.862728 
0.594226 0.77813 
0.78515 0.715079 
0.712149 0.286782 
0.0970184 0.65508 
0.670339 0.247169 
0.276894 0.439619 
0.0575885 0.735954 
0.683279 0.464461 
0.479965 0.960082 
0.585376 0.433637 
0.89758 0.653981 
0.866085 0.554308 
0.62389 0.636158 
0.679617 0.725028 
0.705619 0.32609 
0.548448 0.85992 
0.709952 0.698355 
0.467147 0.476791 
0.994507 0.0117496 
0.67864 0.966857 
0.840205 0.962035 
0.861446 0.188147 
0.675039 0.187048 
0.988647 0.928648 
0.971313 0.587512 
0.940733 0.803156 
0.0939665 0.67217 
0.947752 0.460128 
0.21775 0.629688 
0.921445 0.489608 
0.526231 0.639821 
0.81341 0.0121769 
0.799554 0.302591 
0.420759 0.359783 
0.835994 0.00308239 
0.219764 0.61803 
0.889706 0.205359 
0.984008 0.672475 
0.28843 0.265358 
0.394024 0.0732139 
0.313395 0.407575 
0.719169 0.827326 
0.0914639 0.701468 
0.496689 0.567003 
0.584277 0.418439 
0.804804 0.978027 
0.68804 0.57384 
0.866695 0.730277 
0.627491 0.989746 
0.372845 0.240272 
0.647938 0.214515 
0.809564 0.722526 
0.162084 0.968566 
0.831843 0.588183 
0.975036 0.940245 
0.687613 0.130345 
0.643544 0.300882 
0.758965 0.814509 
0.421491 0.325297 
0.67925 0.0642414 
0.973144 0.608875 
0.640309 0.845882 
0.845821 0.862178 
0.165624 0.993591 
0.560167 0.974548 
0.829951 0.615528 
0.545213 0.116611 
0.892087 0.0696738 
0.637257 0.248146 
0.83282 0.99353 
0.476547 0.418989 
0.971191 0.783563 
0.714164 0.258583 
0.85168 0.438398 
0.857479 0.0536211 
0.13126 0.820795 
Cluster 2 :
-0.96466 0.466292 
-0.747246 0.787469 
-0.922788 0.317789 
-0.213172 0.853633 
-0.159154 0.966124 
-0.624866 0.706839 
-0.0339671 0.88934 
-0.368267 0.393597 
-0.525864 0.989135 
-0.193884 0.906186 
-0.75866 0.196387 
-0.122471 0.624989 
-0.762871 0.811945 
-0.829585 0.499374 
-0.827326 0.939879 
-0.314127 0.727409 
-0.0806604 0.784051 
-0.110813 0.994934 
-0.628346 0.962401 
-0.9635 0.135533 
-0.819086 0.807672 
-0.43675 0.902707 
-0.607532 0.906674 
-0.342448 0.867061 
-0.268227 0.634816 
-0.957762 0.369854 
-0.848262 0.80401 
-0.668386 0.815241 
-0.684133 0.900632 
-0.116733 0.847468 
0.0201117 0.68865 
-0.722526 0.999512 
-0.724418 0.838313 
-0.847591 0.691397 
-0.837764 0.485397 
-0.647023 0.894101 
-0.967772 0.937803 
-0.9729 0.32139 
-0.825556 0.0713217 
-0.60802 0.583056 
-0.32548 0.549791 
-0.993957 0.528489 
-0.813532 0.488876 
-0.101169 0.757744 
-0.724052 0.838862 
-0.159948 0.850642 
-0.500229 0.453963 
-0.59801 0.612903 
-0.837519 0.708792 
0.0359203 0.643178 
-0.625904 0.238868 
-0.796136 0.21604 
-0.613514 0.675527 
-0.889279 0.928709 
-0.986816 0.416791 
-0.381024 0.416608 
-0.721549 0.42613 
-0.185461 0.919187 
-0.398785 0.379009 
-0.450301 0.925291 
-0.692984 0.207434 
-0.876644 0.368755 
-0.667592 0.184851 
-0.844417 0.647633 
-0.999451 0.362102 
-0.460738 0.525132 
-0.34611 0.363201 
-0.252235 0.486312 
-0.24955 0.490524 
-0.509629 0.961303 
-0.976928 0.549547 
-0.90173 0.757317 
-0.834101 0.361003 
-0.447615 0.748466 
-0.258095 0.614978 
-0.398968 0.990173 
-0.370769 0.731254 
-0.804682 0.271889 
-0.803644 0.441939 
-0.57091 0.363872 
-0.475631 0.641713 
-0.878475 0.889645 
-0.702933 0.302835 
-0.372112 0.733024 
0.0146794 0.995422 
-0.292154 0.41557 
-0.456343 0.774407 
-0.693472 0.254982 
-0.878475 0.345988 
-0.249245 0.576464 
-0.849788 0.272134 
-0.844661 0.887814 
-0.582934 0.771844 
-0.634754 0.654714 
-0.673818 0.745598 
0.032197 0.795343 
-0.442793 0.622791 
-0.338847 0.634632 
-0.491928 0.696768 
-0.723868 0.530686 
-0.760125 0.621448 
-0.262551 0.707938 
-0.460982 0.72338 
-0.249672 0.947508 
-0.294412 0.91345 
-0.333293 0.885006 
-0.711112 0.998047 
-0.193762 0.576952 
-0.408002 0.837275 
-0.425825 0.843013 
-0.30253 0.791742 
-0.963195 0.934141 
0.0370189 0.699454 
-0.896298 0.267739 
-0.245888 0.479049 
-0.822382 0.202185 
-0.930967 0.194494 
-0.290139 0.545335 
-0.987487 0.223792 
0.0209662 0.64275 
-0.576891 0.620472 
-0.143345 0.74517 
-0.845332 0.0693686 
0.0415968 0.948912 
-0.119907 0.94409 
-0.466475 0.545152 
-0.296793 0.837092 
-0.822993 0.812799 
-0.00210577 0.766839 
-0.537339 0.788324 
-0.661855 0.265114 
-0.487533 0.727592 
-0.380902 0.865047 
-0.27018 0.726493 
-0.338176 0.872127 
-0.885189 0.332011 
-0.815546 0.426862 
-0.605701 0.244606 
-0.898068 0.657826 
-0.90112 0.158544 
-0.985046 0.927793 
-0.454268 0.601062 
-0.33018 0.48851 
-0.953673 0.908139 
-0.354595 0.506882 
-0.621326 0.943663 
-0.377544 0.741203 
0.0172429 0.963622 
-0.345439 0.40849 
-0.320841 0.515976 
-0.656056 0.74694 
-0.712455 0.356792 
-0.459639 0.338542 
-0.545396 0.320353 
-0.889035 0.148412 
-0.00772119 0.936033 
-0.870296 0.684378 
-0.623585 0.745842 
-0.988464 0.355998 
-0.776238 0.32664 
-0.620411 0.322733 
-0.0101627 0.985168 
-0.340983 0.881466 
-0.558275 0.259987 
-0.302286 0.982238 
-0.957823 0.863155 
-0.82635 0.593005 
-0.580554 0.937071 
-0.702872 0.841731 
-0.740287 0.462813 
-0.698416 0.722648 
-0.216285 0.84521 
-0.413984 0.969543 
-0.3773 0.451033 
-0.769463 0.243995 
-0.0194403 0.962462 
0.0466628 0.989318 
-0.718192 0.295755 
-0.87994 0.650746 
-0.0821863 0.847591 
-0.169164 0.812555 
0.0300608 0.959288 
-0.908261 0.89465 
Cluster 3 :
-0.302042 -0.173009 
-0.329142 -0.225257 
-0.280496 0.0589312 
-0.130467 0.450056 
-0.0915861 -0.191931 
0.142613 -0.00772119 
-0.102634 -0.118686 
-0.20426 0.16184 
-0.0423902 -0.0281075 
-0.433454 -0.133518 
-0.256569 0.218848 
0.164098 0.142308 
-0.0202948 0.509812 
-0.28251 -0.0738243 
-0.0325022 0.206641 
-0.0431837 -0.169652 
-0.718986 0.0518509 
-0.327738 -0.141453 
-0.0846888 0.0298777 
-0.365459 -0.0270089 
-0.146031 -0.161412 
-0.232948 0.0409253 
-0.356731 0.073336 
0.284646 -0.110019 
-0.181921 0.340373 
-0.141636 0.0329294 
-0.108188 0.510056 
0.0097965 0.235145 
0.221473 -0.00668353 
-0.239967 0.109043 
-0.224586 0.307169 
0.187719 0.247108 
-0.606555 0.109775 
0.198462 0.226417 
-0.577319 0.103183 
-0.125095 0.0160832 
-0.0215766 -0.340434 
-0.194556 0.256325 
0.0956144 0.0716269 
-0.572314 0.12125 
-0.0270699 -0.397687 
0.0714438 0.263466 
0.125645 0.176794 
-0.388653 -0.066744 
-0.0784631 -0.398297 
-0.232643 -0.213294 
-0.54387 0.169103 
0.00918603 0.460677 
-0.030427 0.342937 
-0.359783 -0.0743736 
-0.404645 -0.101413 
-0.418683 -0.0345165 
-0.192724 0.433515 
0.0199286 -0.114475 
-0.378399 0.106052 
0.207617 0.241066 
-0.216468 -0.300943 
-0.158666 -0.00308239 
0.139195 -0.118503 
0.0957977 -0.328166 
0.295694 0.0706503 
-0.479415 0.228797 
0.0375683 -0.198157 
-0.188818 -0.0202338 
-0.207862 0.369854 
-0.073275 0.0335399 
-0.469283 -0.102206 
0.0762658 0.181127 
0.168249 0.136814 
-0.170873 -0.0957366 
0.323588 -0.0163884 
-0.26841 -0.105075 
-0.41612 0.0439161 
-0.272561 -0.218726 
-0.297586 0.327738 
0.145177 0.271645 
-0.625172 -0.017365 
-0.106235 -0.380169 
-0.239235 -0.112705 
-0.660756 0.050203 
0.217505 0.299661 
0.0422682 -0.144566 
-0.0399487 0.172826 
-0.52092 0.172216 
-0.280557 0.341838 
-0.51793 0.219092 
-0.485031 0.12418 
-0.00277716 0.368694 
0.173193 -0.234779 
-0.0292062 -0.0327464 
0.348308 0.0458694 
-0.261452 0.311014 
-0.57976 0.0525833 
0.219581 0.278054 
-0.056856 0.513718 
-0.648122 0.136387 
0.0636921 0.595569 
-0.0951872 0.201392 
0.275857 0.186865 
-0.241188 -0.120273 
-0.106296 0.175207 
-0.6433 0.0539262 
-0.275369 0.0102848 
-0.0310984 0.0362254 
-0.163976 -0.061861 
-0.393231 0.237037 
-0.219825 0.267128 
-0.20188 0.292032 
0.195532 0.253151 
0.249672 0.26841 
-0.577441 0.0619831 
-0.403668 0.177831 
0.308206 -0.0758995 
0.113926 0.286782 
0.223792 0.0821863 
-0.00320446 0.147801 
0.209388 0.299966 
-0.312662 -0.218177 
-0.0789514 0.321635 
0.0693076 0.469954 
-0.025483 0.269875 
0.0643635 0.000762939 
0.0385449 0.397321 
-0.341166 0.132908 
-0.188025 -0.084933 
0.172277 -0.108066 
0.375713 0.0511795 
-0.67217 0.0259103 
-0.196997 0.42204 
-0.377178 0.202124 
-0.121128 0.316385 
-0.0145573 -0.0399487 
0.0600909 -0.264626 
-0.0367748 0.454695 
0.187231 0.081576 
0.319254 0.013947 
-0.222816 0.419172 
-0.401654 -0.0760826 
-0.035493 0.326151 
-0.160985 0.201697 
0.281106 0.0922575 
-0.266457 0.18247 
0.10239 0.0295725 
-0.124424 0.0926237 
-0.191076 0.184912 
0.134861 0.269509 
-0.312052 0.122227 
0.0410475 0.139988 
-0.454939 0.0209662 
-0.259316 -0.0458693 
-0.19126 -0.228248 
-0.4597 0.0655233 
-0.601245 0.0243232 
0.0269479 0.284951 
0.0179144 0.303629 
-0.626576 0.0814539 
-0.486435 -0.0477614 
-0.0134587 -0.353008 
-0.403424 0.125767 
-0.140233 -0.0433058 
-0.452986 0.0126652 
0.218177 -0.0740074 
0.0506302 -0.387677 
0.173864 0.289041 
-0.627552 0.0383008 
-0.00405896 -0.267617 
-0.258339 0.259987 
Cluster 4 :
-0.965331 -0.634144 
-0.482589 -0.144078 
-0.236 -0.450117 
-0.906125 -0.535874 
-0.298929 -0.922422 
-0.248512 -0.802728 
-0.191565 -0.883297 
-0.740715 -0.909726 
-0.149144 -0.875301 
-0.299783 -0.268593 
-0.352641 -0.25071 
-0.896298 -0.187231 
-0.88464 -0.184118 
-0.870296 -0.665212 
-0.468429 -0.41026 
-0.375957 -0.293558 
-0.531114 -0.543748 
-0.733818 -0.666005 
-0.563707 -0.846797 
-0.178808 -0.370769 
-0.663076 -0.294412 
-0.213965 -0.796258 
-0.589648 -0.816584 
-0.925108 -0.724479 
-0.775933 -0.467635 
-0.372417 -0.887204 
-0.803034 -0.117527 
-0.615162 -0.328532 
-0.416791 -0.480758 
-0.737602 -0.528184 
-0.751274 -0.462691 
-0.916623 -0.761101 
-0.759758 -0.0328074 
-0.24778 -0.368633 
-0.801996 -0.170385 
-0.976135 -0.872249 
-0.54619 -0.999268 
-0.593066 -0.336589 
-0.379559 -0.883847 
-0.846431 -0.624683 
-0.323038 -0.275246 
-0.0770592 -0.528367 
-0.293435 -0.890194 
-0.480331 -0.796381 
-0.69573 -0.662038 
-0.894406 -0.47795 
-0.360027 -0.569384 
-0.992126 -0.106418 
-0.581286 -0.508896 
-0.979675 -0.46556 
-0.499374 -0.31785 
-0.671133 -0.790704 
-0.128758 -0.648427 
-0.878109 -0.288797 
-0.348247 -0.300821 
-0.54796 -0.418256 
-0.391827 -0.973144 
-0.842891 -0.603259 
-0.648793 -0.905271 
-0.948119 -0.907468 
-0.597034 -0.527757 
-0.38316 -0.59801 
-0.358013 -0.87347 
-0.190832 -0.994629 
-0.641346 -0.894345 
-0.169103 -0.984558 
-0.582873 -0.765069 
-0.327921 -0.953429 
-0.671377 -0.527696 
-0.771905 -0.16776 
-0.206275 -0.508957 
-0.851741 -0.526292 
-0.442549 -0.210791 
-0.344096 -0.662343 
-0.534349 -0.660634 
-0.488327 -0.582141 
-0.59624 -0.224281 
-0.562914 -0.705741 
-0.468795 -0.21482 
-0.953124 -0.457686 
-0.805475 -0.112827 
-0.856929 -0.490219 
-0.266396 -0.629505 
-0.306192 -0.455611 
-0.301004 -0.52324 
-0.253578 -0.864254 
-0.148534 -0.583361 
-0.0728477 -0.659169 
-0.906369 -0.644704 
-0.705374 -0.795648 
-0.445418 -0.408246 
-0.679495 -0.907041 
-0.677175 -0.799066 
-0.0722983 -0.891598 
-0.468978 -0.289651 
-0.111301 -0.916745 
-0.613269 -0.532151 
-0.54796 -0.303568 
-0.713736 -0.696707 
-0.140599 -0.994812 
-0.465072 -0.558458 
-0.0445876 -0.529954 
-0.253029 -0.680105 
-0.229163 -0.991516 
-0.801263 -0.035493 
-0.911618 -0.602466 
-0.995727 -0.317423 
-0.61272 -0.430647 
-0.375347 -0.237037 
-0.879757 -0.94879 
-0.764641 -0.726249 
-0.305216 -0.400189 
-0.670522 -0.58037 
-0.293863 -0.981445 
-0.309122 -0.275185 
-0.759148 -0.340922 
-0.73748 -0.246559 
-0.991943 -0.595019 
-0.431074 -0.889035 
-0.711844 -0.0694296 
-0.696646 -0.0363476 
-0.806452 -0.144139 
-0.246742 -0.96234 
-0.49443 -0.869564 
-0.929075 -0.213721 
-0.473189 -0.904477 
-0.607776 -0.733757 
-0.965636 -0.488632 
-0.558153 -0.491012 
-0.771599 -0.443464 
-0.348125 -0.402448 
-0.50145 -0.970397 
-0.539537 -0.850826 
-0.839961 -0.112217 
-0.198035 -0.586962 
-0.299844 -0.454512 
-0.447432 -0.797174 
-0.187597 -0.775933 
-0.829463 -0.533311 
-0.491928 -0.179601 
-0.931394 -0.742546 
-0.766228 0.0101017 
-0.676504 -0.896176 
-0.147984 -0.697989 
-0.838191 -0.730827 
-0.804926 -0.581957 
-0.166295 -0.430891 
-0.953185 -0.69689 
-0.757805 -0.0278634 
-0.872188 -0.337809 
-0.669362 -0.0593585 
-0.361064 -0.851985 
-0.368755 -0.961547 
-0.790948 -0.363384 
-0.621326 -0.80517 
-0.755303 -0.088229 
-0.812006 -0.574938 
-0.518662 -0.881893 
-0.0666219 -0.501999 
-0.4185 -0.340373 
-0.738334 -0.265908 
-0.882809 -0.340495 
-0.669912 -0.100925 
-0.0590533 -0.813044 
-0.45146 -0.287698 
-0.784845 -0.378399 
-0.67333 -0.438643 
-0.975707 -0.697806 
-0.812738 -0.82403 
-0.174902 -0.440962 
-0.0380566 -0.466659 
-0.111484 -0.76928 
-0.184423 -0.657826 
-0.962889 -0.398968 
-0.803949 -0.541795 
-0.866207 -0.478011 
-0.0851772 -0.957701 
-0.0790124 -0.530747 
-0.722343 -0.23423 
-0.730461 -0.525498 
-0.938475 -0.579089 
-0.517747 -0.48967 
-0.977905 -0.0978729 
-0.82934 -0.58916 
-0.479598 -0.335734 
-0.643239 -0.188452 
-0.288919 -0.293802 
-0.162816 -0.646168 
-0.41258 -0.280923 
-0.71691 -0.224464 
-0.234169 -0.727897 
-0.506821 -0.803644 
-0.923276 -0.13419 
-0.250771 -0.680776 
-0.598254 -0.865047 
-0.65038 -0.197668 
-0.276101 -0.299722 
-0.957579 -0.0597858 
-0.662771 -0.334452 
-0.643055 -0.989746 
-0.778008 -0.103122 
-0.861507 -0.765984 
-0.783502 -0.40611 
-0.963012 -0.364544 
-0.202673 -0.504562 
-0.539903 -0.586047 
