Cluster 0 :
0.237831 -0.655873 
0.136082 -0.353008 
0.212256 -0.868709 
-0.160009 -0.480575 
-0.23191 -0.37315 
0.163793 -0.97467 
-0.328654 -0.884091 
0.265969 -0.377483 
-0.293985 -0.743156 
0.250099 -0.285012 
0.015717 -0.85699 
0.103916 -0.741752 
-0.216712 -0.470687 
-0.19187 -0.970397 
-0.0688803 -0.91052 
-0.19425 -0.991333 
0.150426 -0.585925 
0.116855 -0.99762 
-0.083224 -0.631947 
-0.342204 -0.952025 
0.260292 -0.872738 
-0.0995819 -0.9682 
0.176672 -0.743767 
0.282449 -0.330058 
0.181616 -0.32371 
0.205603 -0.796258 
-0.136631 -0.634327 
0.0202338 -0.729667 
-0.105014 -0.281533 
0.0082705 -0.475326 
0.134373 -0.650746 
-0.139683 -0.501083 
0.217566 -0.711905 
0.0692465 -0.803461 
0.0696127 -0.513169 
0.257912 -0.278115 
-0.364299 -0.777581 
0.0899991 -0.514634 
0.241066 -0.76104 
0.14597 -0.669423 
-0.37785 -0.999512 
-0.252052 -0.943724 
0.287271 -0.517075 
-0.250832 -0.68102 
0.00424206 -0.419965 
0.0778527 -0.330973 
0.337138 -0.598621 
-0.0334788 -0.924986 
0.00137329 -0.451704 
0.242286 -0.820429 
-0.113865 -0.48735 
0.00509655 -0.355571 
0.178747 -0.955199 
0.176122 -0.274514 
-0.155858 -0.340251 
0.312601 -0.990661 
0.225135 -0.320414 
-0.118686 -0.834101 
0.155919 -0.292398 
0.0212103 -0.276772 
0.00509655 -0.26249 
0.201514 -0.449263 
0.0643635 -0.392193 
-0.0836512 -0.67748 
0.0275582 -0.781915 
0.0822474 -0.325907 
-0.101169 -0.987732 
0.0280465 -0.387799 
-0.0383008 -0.342937 
0.22721 -0.397687 
0.297403 -0.321879 
-0.197668 -0.76043 
-0.0614948 -0.310282 
0.253517 -0.835505 
0.32487 -0.385052 
-0.0190741 -0.60387 
0.244789 -0.481796 
0.136265 -0.697195 
0.0572833 -0.888424 
0.112705 -0.973815 
-0.0683309 -0.488327 
0.111667 -0.682485 
-0.294534 -0.809381 
-0.143895 -0.845576 
-0.0838954 -0.607532 
-0.28367 -0.579455 
0.089816 -0.269997 
0.0953093 -0.39433 
0.329875 -0.804804 
-0.125401 -0.984191 
-0.222694 -0.869381 
0.220924 -0.684988 
-0.0842006 -0.480331 
-0.00241095 -0.277932 
0.261391 -0.994934 
0.0696738 -0.596484 
0.168249 -0.3867 
-0.118076 -0.481735 
-0.0216987 -0.898618 
0.12241 -0.399213 
-0.339396 -0.975768 
-0.177709 -0.998779 
-0.339335 -0.692801 
0.14951 -0.267373 
-0.262612 -0.78283 
-0.0699179 -0.561876 
-0.141697 -0.486618 
0.0623493 -0.580004 
-0.0330516 -0.652455 
0.00711083 -0.331339 
-0.10593 -0.744316 
-0.142613 -0.324137 
-0.125278 -0.513535 
-0.149815 -0.955382 
0.285073 -0.379437 
-0.0837123 -0.583056 
-0.36021 -0.827326 
-0.0480056 -0.294778 
0.234657 -0.650746 
-0.0729087 -0.287027 
0.357036 -0.42497 
-0.0380566 -0.781121 
0.0693076 -0.543382 
0.0918303 -0.420209 
-0.140538 -0.408246 
0.033784 -0.719291 
0.335185 -0.896725 
0.209815 -0.613025 
0.0710166 -0.392621 
Cluster 1 :
-0.719657 -0.0908536 
-0.587817 -0.348186 
-0.496323 -0.0755944 
-0.523118 -0.0901212 
-0.96234 -0.315714 
-0.48851 -0.196448 
-0.637074 -0.173559 
-0.46086 -0.535447 
-0.471908 -0.995666 
-0.959838 -0.138035 
-0.748527 -0.919431 
-0.700186 -0.883114 
-0.932554 -0.89642 
-0.880734 -0.943236 
-0.469832 -0.646352 
-0.665029 -0.296854 
-0.458541 -0.144505 
-0.944029 -0.427046 
-0.787591 -0.2631 
-0.866573 -0.0175481 
-0.594958 -0.530747 
-0.539354 -0.26017 
-0.862239 -0.855342 
-0.91699 -0.828242 
-0.468612 -0.235511 
-0.661794 -0.00759912 
-0.846553 -0.330668 
-0.960021 -0.765007 
-0.626087 -0.524338 
-0.335551 -0.523362 
-0.937254 -0.749687 
-0.972167 -0.58916 
-0.452437 -0.386151 
-0.692495 -0.866756 
-0.400739 -0.355632 
-0.756645 -0.444929 
-0.646474 -0.131382 
-0.712027 -0.015595 
-0.645497 -0.259865 
-0.794916 -0.954161 
-0.408307 -0.750359 
-0.594897 -0.500351 
-0.702628 -0.56975 
-0.47618 -0.3773 
-0.405866 -0.240822 
-0.584277 -0.0517899 
-0.380718 -0.552721 
-0.957762 -0.357158 
-0.623951 -0.325724 
-0.559923 -0.713248 
-0.49675 -0.752251 
-0.670644 -0.721305 
-0.972411 -0.6845 
-0.579455 -0.895566 
-0.87402 -0.710074 
-0.872555 -0.372967 
-0.716788 -0.553148 
-0.781732 -0.703726 
-0.444136 -0.678457 
-0.546373 -0.15775 
-0.813288 -0.160253 
-0.930723 -0.489914 
-0.853328 -0.496323 
-0.832942 -0.70452 
-0.437056 -0.903073 
-0.792474 -0.318949 
-0.897275 -0.390362 
-0.534959 -0.820185 
-0.478439 -0.899045 
-0.563097 -0.141942 
-0.600269 -0.917722 
-0.564745 -0.038728 
-0.809931 -0.81811 
-0.911008 -0.245705 
-0.504135 -0.63329 
-0.72045 -0.153417 
-0.935789 -0.647755 
-0.424482 -0.662099 
-0.554369 -0.874203 
-0.381146 -0.262551 
-0.948424 -0.0616169 
-0.509934 -0.809076 
-0.875546 -0.906796 
-0.882382 -0.983581 
-0.485397 -0.780755 
-0.638661 -0.191565 
-0.641041 -0.178014 
-0.471541 -0.743522 
-0.621021 -0.0954314 
-0.94293 -0.570116 
-0.761834 -0.5056 
-0.693899 -0.850337 
-0.581286 -0.0571612 
-0.539232 -0.152318 
-0.827693 -0.278237 
-0.435347 -0.622181 
-0.794794 -0.647511 
-0.69573 -0.383343 
-0.504379 -0.889523 
-0.595874 -0.780511 
-0.550035 -0.85992 
-0.571764 -0.508042 
-0.995911 -0.55443 
-0.894711 -0.663137 
-0.595264 -0.491928 
-0.757744 -0.23777 
-0.347636 -0.361187 
-0.906735 -0.611438 
-0.882077 -0.697684 
-0.833247 -0.250465 
-0.967834 -0.0672323 
-0.598865 -0.559252 
-0.960326 -0.591784 
-0.637501 -0.755242 
-0.774468 -0.314982 
-0.499863 -0.113376 
-0.867061 -0.0389721 
-0.577136 -0.743339 
-0.675771 -0.426191 
-0.465804 -0.689383 
-0.71514 -0.975402 
-0.941893 -0.481429 
-0.655385 -0.073275 
-0.997864 -0.805963 
-0.642933 -0.722526 
-0.803278 -0.642506 
-0.858272 -0.189123 
-0.587268 -0.835078 
-0.617176 -0.890622 
-0.794305 -0.451216 
-0.400983 -0.297952 
-0.670522 -0.581835 
-0.845088 -0.565355 
-0.911802 -0.113559 
-0.496872 -0.245277 
-0.626148 -0.991516 
-0.777825 -0.513779 
-0.810175 -0.59978 
-0.977477 -0.273293 
Cluster 2 :
0.0888394 0.23191 
-0.156651 0.350688 
-0.025483 0.192114 
0.288369 0.050264 
-0.185888 0.239479 
0.111911 -0.0261543 
-0.374249 0.214881 
0.23777 -0.23777 
0.0669271 0.219214 
-0.454451 0.0166936 
-0.0850551 0.186438 
0.140355 0.315165 
0.24131 0.0164495 
-0.177526 0.239723 
0.114414 0.0290231 
-0.0180364 0.34373 
-0.146947 0.130161 
0.0646077 0.32664 
0.280496 -0.0182195 
0.215796 0.052034 
0.237342 0.263649 
0.126499 -0.134129 
-0.229347 0.120884 
0.154088 0.241493 
0.291177 0.0993987 
-0.179418 -0.210425 
-0.00643939 0.184484 
0.0441602 0.0541704 
-0.0484329 0.311075 
0.0625324 -0.053621 
-0.0741295 0.0756553 
-0.0906094 0.374187 
0.144993 -0.221473 
0.215674 -0.0360423 
-0.249916 0.0530717 
-0.247902 0.39787 
0.263161 -0.195593 
-0.177709 0.260109 
0.105014 0.27427 
-0.0934782 -0.0462966 
0.22898 -0.170507 
0.182958 -0.220008 
0.131382 -0.0641194 
-0.15183 -0.179785 
-0.0986664 0.327799 
-0.0690023 -0.0162663 
0.225013 -0.0679037 
-0.0406201 0.405988 
0.243995 0.316019 
-0.0474563 0.0338451 
0.187963 0.276894 
0.121006 -0.0381787 
0.234718 0.177892 
-0.226356 0.204627 
0.200598 -0.112766 
0.241615 0.00509655 
-0.168493 -0.0270089 
-0.123325 -0.191565 
0.344279 0.153294 
-0.308817 0.206885 
-0.145482 0.102573 
0.201331 0.0932341 
0.00320446 0.0599688 
0.149815 -0.0316477 
-0.144017 0.275674 
0.185583 -0.0317087 
0.130711 0.137059 
0.0643635 0.291299 
0.30015 0.311869 
-0.282022 -0.0984222 
0.307657 0.0802943 
-0.136143 0.352031 
-0.0632648 0.134312 
-0.197851 0.00393689 
0.0757164 -0.140721 
0.231117 0.128819 
0.233924 -0.22306 
0.120151 -0.0318308 
-0.32078 0.31016 
0.139317 -0.167943 
-0.176916 -0.0342723 
-0.17893 0.238075 
0.201147 0.115024 
0.291788 -0.14774 
-0.258583 0.0597247 
-0.322733 0.0128483 
-0.45671 0.0774865 
0.283425 -0.0472121 
0.0659505 0.0655233 
-0.336711 0.297647 
0.0260934 0.33018 
0.0924406 0.298318 
-0.379192 -0.0325022 
0.0484328 -0.0959197 
-0.234779 0.132298 
-0.0753502 -0.0687582 
-0.244606 -0.129917 
-0.225135 0.073397 
0.121067 0.153539 
-0.0537431 0.189673 
-0.118809 0.318339 
0.16422 -0.160192 
0.29783 0.00473034 
0.0953093 -0.175878 
0.0141912 0.227638 
0.0769372 0.190954 
-0.00619525 -0.121921 
-0.274392 -0.117222 
-0.0392163 0.298074 
-0.150975 0.120701 
-0.198462 0.204138 
0.0850551 0.363445 
-0.0737633 0.156285 
-0.212195 0.193335 
0.243507 0.222633 
Cluster 3 :
0.650319 0.0226142 
0.536119 0.0632648 
0.38139 0.232276 
0.683828 -0.0687582 
0.520981 -0.201697 
0.354839 -0.175451 
0.955382 0.0366527 
0.46202 0.189306 
0.710624 0.228309 
0.685049 0.084872 
0.629749 -0.0591143 
0.84698 0.252113 
0.768914 -0.0571612 
0.756706 0.281167 
0.43907 -0.216041 
0.638844 0.171606 
0.593127 0.23191 
0.846065 -0.256142 
0.491806 0.0793176 
0.976928 0.243507 
0.483688 0.0110782 
0.450362 0.188574 
0.58623 0.109043 
0.42381 0.0420851 
0.594653 0.257057 
0.914792 -0.0573443 
0.372845 -0.0995209 
0.523423 -0.184729 
0.908872 -0.187231 
0.627125 0.0556352 
0.569994 0.0365916 
0.409467 0.048738 
0.615467 -0.309061 
0.664113 0.203284 
0.360759 -0.231605 
0.496872 -0.259682 
0.428022 0.100253 
0.8717 -0.111789 
0.335063 -0.263894 
0.930113 -0.193823 
0.672109 -0.327006 
0.884579 -0.0760826 
0.880917 -0.157506 
0.871029 -0.22306 
0.52324 -0.0137638 
0.421918 0.203894 
0.863948 0.261269 
0.937376 0.0320749 
0.367534 -0.066744 
0.674856 0.126499 
0.510361 -0.0157781 
0.677236 0.195898 
0.87579 -0.0455031 
0.600635 0.0820643 
0.602832 -0.257912 
0.930357 -0.205298 
0.851619 0.149266 
0.954405 0.0214545 
0.363689 0.0852382 
0.727042 0.0795007 
0.686209 0.0472121 
0.76397 -0.192358 
0.88702 -0.228858 
0.693167 0.114231 
0.325541 -0.0278023 
0.725822 0.225868 
0.602222 -0.226661 
0.946104 -0.0954924 
0.985534 -0.229835 
0.855098 0.283792 
0.7528 -0.0290841 
0.94525 -0.107944 
0.354717 -0.19779 
0.439985 -0.0884121 
0.63097 0.0346996 
0.854793 -0.140782 
0.507675 0.0501419 
0.408185 0.14597 
0.864193 -0.105258 
0.964293 -0.246559 
0.564745 -0.24601 
0.814386 -0.0210883 
0.525071 0.307352 
0.542344 0.193396 
0.991577 0.241188 
0.847591 0.201147 
0.575182 -0.223304 
0.801263 0.22483 
0.847285 0.272012 
0.840876 -0.0149236 
0.350932 -0.195837 
0.497665 -0.168126 
0.793512 -0.211402 
0.83459 -0.0438551 
0.536119 0.0355541 
0.311014 -0.136692 
0.61095 0.0490433 
0.901608 0.240455 
0.588 -0.0885952 
0.926633 0.155919 
0.675161 0.295694 
0.632252 0.022248 
0.71221 -0.195654 
0.950621 0.235267 
0.475326 0.107639 
0.593493 -0.255043 
0.992676 -0.310343 
0.48851 -0.27018 
0.649647 -0.184484 
0.527879 0.104892 
0.379559 -0.0619221 
0.451094 0.170934 
0.650258 -0.333781 
0.619007 -0.222022 
0.778924 0.219764 
0.531663 0.200598 
0.922605 -0.1948 
0.864925 0.167272 
0.613147 -0.223487 
0.80401 -0.15659 
0.862972 -0.319498 
0.652699 -0.205969 
0.37785 -0.0567339 
Cluster 4 :
0.74694 -0.683035 
0.881954 -0.365825 
0.55211 -0.861812 
0.82757 -0.347026 
0.413495 -0.727531 
0.666128 -0.50914 
0.639393 -0.511887 
0.81164 -0.7022 
0.498215 -0.808039 
0.919431 -0.33195 
0.733818 -0.864376 
0.810114 -0.797479 
0.996033 -0.34788 
0.606006 -0.496445 
0.909421 -0.804376 
0.416181 -0.557787 
0.925047 -0.843013 
0.344829 -0.897763 
0.434065 -0.782342 
0.414777 -0.812067 
0.984741 -0.486007 
0.386029 -0.602771 
0.796136 -0.370525 
0.43199 -0.867367 
0.920408 -0.624439 
0.4785 -0.703848 
0.954344 -0.984191 
0.361919 -0.851375 
0.569445 -0.796625 
0.380596 -0.824213 
0.673391 -0.888485 
0.502487 -0.555162 
0.834895 -0.413068 
0.674978 -0.878903 
0.734794 -0.992615 
0.902829 -0.44615 
0.952452 -0.332926 
0.829829 -0.554491 
0.684744 -0.611255 
0.776299 -0.384564 
0.514634 -0.629871 
0.982605 -0.816584 
0.902219 -0.935057 
0.475204 -0.954588 
0.562731 -0.43907 
0.354167 -0.925169 
0.879086 -0.348857 
0.804376 -0.904172 
0.767632 -0.539476 
0.879147 -0.498459 
0.882199 -0.426984 
0.977905 -0.367351 
0.500961 -0.599475 
0.984985 -0.507981 
0.731376 -0.823908 
0.898129 -0.829585 
0.571032 -0.659169 
0.552904 -0.474715 
0.791803 -0.666128 
0.964782 -0.494919 
0.848506 -0.851924 
0.717399 -0.49028 
0.831111 -0.540513 
0.784722 -0.964538 
0.925047 -0.432417 
0.561022 -0.749809 
0.754509 -0.623402 
0.544908 -0.593066 
0.956664 -0.348979 
0.901181 -0.641469 
0.573168 -0.570116 
0.993164 -0.767144 
0.401227 -0.966247 
0.603503 -0.575487 
0.403241 -0.860714 
0.69573 -0.830195 
0.648366 -0.603809 
0.940611 -0.692312 
0.482406 -0.93646 
0.632984 -0.402936 
0.860836 -0.637257 
0.996338 -0.88934 
0.821711 -0.5562 
0.634632 -0.976989 
0.608325 -0.630848 
0.469893 -0.671072 
0.967528 -0.971252 
0.710318 -0.612964 
0.788934 -0.821589 
0.661733 -0.496078 
0.932127 -0.889706 
0.472457 -0.540147 
0.694998 -0.825983 
0.489547 -0.569811 
0.952391 -0.686514 
0.773247 -0.537217 
0.645436 -0.744926 
0.769036 -0.634571 
0.568041 -0.94702 
0.812983 -0.423261 
0.398358 -0.80224 
0.715323 -0.611927 
0.577868 -0.833247 
0.767937 -0.710135 
0.590197 -0.464827 
0.379376 -0.951903 
0.49144 -0.542711 
0.838984 -0.646413 
0.576952 -0.596423 
0.722709 -0.445723 
0.568957 -0.675344 
0.810846 -0.46379 
0.785943 -0.607715 
0.541429 -0.514573 
0.771172 -0.434492 
0.799493 -0.828181 
0.41612 -0.952818 
0.544603 -0.812006 
0.655263 -0.838252 
0.773309 -0.786065 
0.791314 -0.921995 
0.775017 -0.50267 
0.575732 -0.457747 
0.379681 -0.402875 
Cluster 5 :
0.456648 0.50737 
0.728446 0.767815 
0.803888 0.921201 
0.888852 0.896115 
0.996826 0.965392 
0.910581 0.50737 
0.708304 0.606555 
0.455672 0.469466 
0.635365 0.434614 
0.59508 0.959105 
0.517991 0.938169 
0.591357 0.963927 
0.468612 0.661367 
0.875118 0.5197 
0.658254 0.716971 
0.513596 0.702445 
0.635304 0.651967 
0.922422 0.610523 
0.462447 0.862239 
0.806146 0.578845 
0.869564 0.785272 
0.445418 0.340983 
0.412824 0.651235 
0.896176 0.690054 
0.719291 0.354961 
0.561754 0.9176 
0.456282 0.422468 
0.373089 0.515732 
0.927854 0.31016 
0.470199 0.715079 
0.996033 0.395184 
0.632496 0.488693 
0.553758 0.473861 
0.779595 0.83929 
0.324625 0.516404 
0.630909 0.604724 
0.402142 0.486129 
0.81579 0.502731 
0.456038 0.697073 
0.991516 0.351299 
0.981933 0.329264 
0.563524 0.903134 
0.463546 0.381756 
0.670095 0.511826 
0.961913 0.407575 
0.539964 0.322367 
0.59624 0.953185 
0.928587 0.927488 
0.429792 0.420148 
0.499374 0.82757 
0.580432 0.341838 
0.908628 0.838374 
0.404889 0.789178 
0.404828 0.528977 
0.701285 0.827143 
0.582263 0.739494 
0.589404 0.389752 
0.414533 0.476852 
0.866512 0.653188 
0.753655 0.685659 
0.670949 0.558214 
0.732963 0.754936 
0.660939 0.461653 
0.334147 0.46086 
0.394757 0.818171 
0.879574 0.937559 
0.809626 0.712332 
0.815424 0.613758 
0.449812 0.358013 
0.391278 0.747002 
0.825922 0.750053 
0.658071 0.565294 
0.960997 0.585131 
0.611072 0.657216 
0.752373 0.633229 
0.825312 0.575487 
0.353008 0.646901 
0.757439 0.712088 
0.908872 0.885067 
0.698294 0.68157 
0.993835 0.35728 
0.956114 0.516648 
0.560411 0.722526 
0.462081 0.811335 
0.842097 0.613147 
0.826594 0.393353 
0.466048 0.54741 
0.717216 0.885067 
0.538072 0.509262 
0.995422 0.36436 
0.696524 0.620045 
0.377422 0.657094 
0.837397 0.39256 
0.963805 0.759026 
0.686575 0.729972 
0.428205 0.730399 
0.839167 0.766716 
0.782525 0.963988 
0.333415 0.431806 
0.5515 0.753899 
0.928343 0.464278 
0.784417 0.747978 
0.389325 0.723502 
0.835932 0.489242 
0.557421 0.746147 
0.694937 0.546129 
0.664907 0.942564 
0.982788 0.525864 
0.711966 0.460616 
Cluster 6 :
0.191565 0.901608 
-0.117161 0.415693 
0.229835 0.475143 
0.193579 0.564562 
-0.0191351 0.56444 
0.00491345 0.936277 
0.298624 0.923032 
-0.0830409 0.847591 
-0.117283 0.729972 
0.220557 0.778985 
-0.0409253 0.88818 
0.204566 0.885006 
0.337932 0.932066 
-0.259255 0.861568 
0.084933 0.574145 
-0.122532 0.907773 
0.137181 0.438765 
-0.393658 0.898373 
0.0912808 0.862789 
-0.304483 0.882565 
-0.0829798 0.862301 
-0.050203 0.472213 
-0.19657 0.920652 
-0.0951262 0.901852 
-0.387493 0.911313 
-0.010712 0.921323 
0.232276 0.792779 
0.252663 0.619861 
-0.366558 0.933409 
-0.0397046 0.917356 
0.00485241 0.717216 
0.118992 0.674673 
-0.199194 0.496994 
0.323954 0.622852 
0.0378735 0.869137 
0.0749229 0.699393 
0.0566729 0.593005 
0.0723594 0.828608 
0.295694 0.683401 
0.351848 0.797174 
-0.00961334 0.798883 
-0.322184 0.683828 
-0.325602 0.61858 
0.300089 0.939024 
0.118137 0.823847 
0.165441 0.74517 
0.161473 0.545213 
-0.152989 0.855892 
0.0179754 0.584521 
0.0434889 0.894162 
0.166356 0.83697 
-0.124668 0.598987 
-0.185705 0.515976 
-0.299112 0.7528 
0.0736412 0.89819 
-0.292459 0.525193 
0.292398 0.866634 
0.219459 0.659902 
-0.0954314 0.857479 
0.352947 0.838496 
0.172948 0.551073 
-0.235145 0.567064 
0.0945768 0.5374 
0.305521 0.93292 
-0.250465 0.677236 
-0.273904 0.595569 
0.269509 0.416669 
0.0929289 0.831965 
-0.239479 0.471297 
0.312967 0.525437 
0.208594 0.877438 
0.145054 0.488205 
0.361187 0.848384 
-0.145665 0.448042 
-0.0163274 0.883358 
-0.113742 0.861812 
0.175024 0.667409 
0.0328684 0.572069 
-0.0876186 0.904965 
-0.0356151 0.48973 
0.259865 0.544481 
-0.190588 0.77282 
0.172643 0.593921 
-0.26896 0.822199 
-0.0912198 0.423749 
0.354717 0.930174 
0.199622 0.504685 
-0.186071 0.74517 
-0.255348 0.607898 
-0.223975 0.653188 
-0.255776 0.842402 
-0.241615 0.641652 
0.0741295 0.896847 
0.20011 0.810053 
0.197424 0.640187 
-0.0361645 0.551683 
Cluster 7 :
-0.606311 0.219642 
-0.734794 0.030488 
-0.926389 0.959655 
-0.594409 0.841792 
-0.612171 0.431196 
-0.536607 0.928587 
-0.582263 0.841426 
-0.679006 0.569018 
-0.823969 0.228553 
-0.958556 0.265664 
-0.680044 0.502609 
-0.904599 0.300211 
-0.969359 0.643605 
-0.703482 0.374065 
-0.501205 0.393597 
-0.647877 0.445051 
-0.488449 0.940062 
-0.968139 0.119724 
-0.434797 0.341716 
-0.59093 0.743461 
-0.554552 0.427717 
-0.689566 0.279763 
-0.419233 0.436934 
-0.485031 0.171789 
-0.933775 0.932737 
-0.492599 0.760186 
-0.879818 0.332987 
-0.540819 0.975829 
-0.90875 0.783074 
-0.853145 0.670583 
-0.651173 0.0713217 
-0.496017 0.684011 
-0.642018 0.567797 
-0.361064 0.395856 
-0.537461 0.591479 
-0.619678 0.800775 
-0.863765 0.4832 
-0.693106 0.443892 
-0.55089 0.286294 
-0.695853 0.303995 
-0.363689 0.602527 
-0.445845 0.958739 
-0.770135 0.683828 
-0.547166 0.849483 
-0.668203 0.444685 
-0.399029 0.656362 
-0.638966 0.403119 
-0.85461 0.713553 
-0.325175 0.565966 
-0.30314 0.39433 
-0.783074 0.186743 
-0.583483 0.953124 
-0.634693 0.983764 
-0.446272 0.890744 
-0.859188 0.557543 
-0.959655 0.412641 
-0.780755 0.402142 
-0.961669 0.476852 
-0.773186 0.436323 
-0.789727 0.866146 
-0.467513 0.901242 
-0.692862 0.0686362 
-0.780084 0.0378735 
-0.974181 0.913327 
-0.779229 0.780633 
-0.498825 0.784417 
-0.828181 0.68334 
-0.913877 0.248451 
-0.856136 0.40379 
-0.63683 0.309671 
-0.85754 0.834101 
-0.696219 0.169469 
-0.438887 0.339457 
-0.886959 0.266335 
-0.612781 0.236549 
-0.783074 0.956236 
-0.760979 0.598071 
-0.720267 0.367168 
-0.555345 0.73516 
-0.993835 0.278664 
-0.855708 0.610462 
-0.725761 0.81695 
-0.581896 0.726554 
-0.8493 0.557604 
-0.646352 0.452132 
-0.679373 0.265114 
-0.799738 0.426435 
-0.445967 0.599109 
-0.680593 0.865963 
-0.694876 0.0838343 
-0.607898 0.469954 
-0.548997 0.265603 
-0.727287 0.347087 
-0.817499 0.551073 
-0.472396 0.454268 
-0.545518 0.199927 
-0.587207 0.221717 
-0.903867 0.180273 
-0.685171 0.0258492 
-0.403912 0.66155 
-0.426923 0.686148 
-0.663259 0.476608 
-0.807855 0.468307 
-0.930723 0.16129 
-0.643422 0.164586 
-0.467757 0.8399 
-0.691275 0.0116886 
-0.506211 0.50383 
-0.583544 0.916257 
-0.533738 0.955992 
-0.608081 0.688711 
-0.86877 0.735404 
-0.641591 0.975219 
-0.708853 0.972289 
-0.610462 0.66393 
-0.598682 0.360515 
-0.647023 0.427473 
-0.704825 0.844478 
-0.706473 0.0193793 
-0.793756 0.523179 
-0.851558 0.112522 
-0.619068 0.984558 
-0.789178 0.32194 
-0.894955 0.268593 
-0.572497 0.226905 
-0.910154 0.781854 
-0.520066 0.462508 
-0.84344 0.745598 
-0.432478 0.546861 
-0.680532 0.638295 
-0.777154 0.572314 
-0.689688 0.314432 
-0.786676 0.612537 
-0.778008 0.0162053 
-0.725578 0.413739 
-0.991638 0.9635 
-0.319071 0.524766 
-0.738884 0.0900601 
-0.569445 0.707327 
-0.743156 0.565966 
-0.481002 0.190893 
-0.650136 0.835749 
-0.848079 0.811213 
-0.637135 0.249794 
-0.799677 0.220069 
-0.676931 0.334941 
-0.838313 0.378826 
-0.710074 0.863338 
-0.594043 0.152623 
-0.807062 0.697928 
-0.417341 0.30314 
-0.414411 0.670644 
-0.496689 0.246376 
-0.428083 0.363323 
-0.688406 0.570238 
-0.719779 0.47795 
-0.8352 0.150487 
-0.922605 0.304605 
-0.685537 0.455611 
-0.635609 0.19248 
-0.712027 0.0458694 
-0.998108 0.713065 
-0.975402 0.316935 
-0.35667 0.588366 
-0.965026 0.627125 
