Cluster 0 :
0.566759 0.886898 
0.597278 0.930906 
0.550829 0.992615 
0.656056 0.864498 
0.57561 0.914182 
0.586657 0.855708 
Cluster 1 :
-0.306436 0.819025 
-0.278481 0.836543 
-0.340495 0.850887 
-0.344707 0.849483 
-0.269082 0.904355 
-0.295022 0.883053 
Cluster 2 :
-0.922239 0.853328 
-0.973693 0.942686 
-0.786309 0.985229 
-0.815668 0.877621 
-0.845943 0.926328 
-0.792596 0.936583 
-0.871944 0.909482 
-0.965026 0.894772 
-0.911008 0.873714 
-0.864559 0.932859 
Cluster 3 :
0.0504471 -0.262429 
-0.0018006 -0.272988 
0.0778527 -0.236793 
0.0770593 -0.240944 
0.104343 -0.289285 
0.0834681 -0.258278 
0.0110172 -0.286111 
0.0565507 -0.321329 
0.0867031 -0.276589 
Cluster 4 :
-0.371868 0.0232856 
-0.342082 0.0466628 
-0.305094 -0.0711997 
-0.219459 -0.0472121 
-0.326579 0.0206 
Cluster 5 :
0.207923 -0.655812 
0.185766 -0.680349 
0.157994 -0.61333 
0.319315 -0.624928 
0.307718 -0.615589 
0.202246 -0.591052 
0.315775 -0.684194 
0.31138 -0.699026 
0.174352 -0.564196 
0.219031 -0.644398 
0.308267 -0.576708 
0.362957 -0.664907 
0.306009 -0.597095 
Cluster 6 :
0.827937 0.885617 
0.828486 0.855647 
0.768731 0.883663 
0.844539 0.880489 
0.845515 0.966979 
0.781304 0.896115 
0.809198 0.940184 
Cluster 7 :
-0.736198 -0.106479 
-0.662465 -0.0849941 
-0.733818 -0.214026 
-0.8081 -0.224525 
-0.65331 -0.18186 
-0.653798 -0.187536 
-0.854732 -0.219398 
-0.622547 -0.147008 
-0.715079 -0.122532 
-0.830439 -0.132603 
Cluster 8 :
-0.084933 -0.0629597 
-0.0163274 0.094882 
-0.09653 0.0384839 
-0.0765099 -0.0711386 
-0.0234687 -0.000823975 
-0.0210273 0.0178534 
-0.122898 0.0507523 
-0.16776 -0.0431226 
Cluster 9 :
-0.329691 -0.548753 
-0.444136 -0.593371 
-0.365581 -0.651967 
-0.441939 -0.706595 
-0.408551 -0.658986 
-0.329997 -0.546251 
-0.391095 -0.545946 
-0.393414 -0.69866 
Cluster 10 :
-0.558763 -0.392865 
-0.616993 -0.322306 
-0.5609 -0.461348 
-0.611316 -0.41026 
-0.648122 -0.378887 
-0.609912 -0.3961 
-0.590014 -0.339396 
-0.528916 -0.378582 
-0.581713 -0.322916 
-0.544542 -0.382 
Cluster 11 :
0.434553 0.245521 
0.365764 0.224158 
0.450301 0.18833 
0.441389 0.208838 
0.463851 0.205115 
0.446821 0.209876 
0.370403 0.19126 
0.452864 0.1854 
0.421918 0.18479 
Cluster 12 :
0.371075 0.650807 
0.329386 0.683523 
0.413007 0.658864 
0.395123 0.700308 
0.364788 0.722709 
0.352458 0.713981 
0.351177 0.722831 
Cluster 13 :
-0.114597 -0.890866 
-0.0551469 -0.946287 
-0.176977 -0.944945 
-0.0462356 -0.971007 
-0.15305 -0.876644 
-0.098056 -0.901608 
-0.0874355 -0.998779 
-0.131932 -0.940489 
-0.0297555 -0.98529 
-0.236183 -0.967345 
Cluster 14 :
-0.0923185 0.575182 
-0.0831019 0.611499 
-0.0340891 0.572436 
0.033662 0.593371 
-0.0918912 0.446638 
0.0198675 0.581652 
0.00131226 0.540025 
-0.0973235 0.462142 
0.0298166 0.627125 
-0.00741601 0.595691 
-0.0204169 0.562243 
-0.0490432 0.533982 
Cluster 15 :
-0.583056 0.405744 
-0.518845 0.492965 
-0.608692 0.377606 
-0.564867 0.405805 
-0.543016 0.413495 
-0.52794 0.416364 
-0.522691 0.389813 
-0.583239 0.401898 
Cluster 16 :
0.529405 0.471419 
0.500778 0.492294 
0.55736 0.47496 
Cluster 17 :
0.749321 0.464888 
0.809687 0.377728 
0.739555 0.479598 
0.809992 0.432234 
0.816095 0.361614 
0.855708 0.429548 
Cluster 18 :
-0.186926 0.542344 
-0.235267 0.571032 
-0.20304 0.558092 
-0.174169 0.67571 
-0.158666 0.527573 
-0.222144 0.638295 
-0.150365 0.592212 
-0.153966 0.685415 
Cluster 19 :
0.277749 0.71691 
0.276955 0.676382 
0.280862 0.699637 
0.264992 0.671316 
0.313334 0.713492 
0.311441 0.7528 
0.246376 0.706839 
0.21543 0.700003 
Cluster 20 :
0.599597 -0.502304 
0.621204 -0.518052 
0.679495 -0.528428 
0.632984 -0.59917 
0.662709 -0.520493 
0.630543 -0.46794 
0.636341 -0.535936 
Cluster 21 :
0.379498 0.995422 
0.288491 0.982482 
0.378216 0.919614 
0.308573 0.893246 
0.382794 0.985839 
0.321696 0.921079 
Cluster 22 :
0.812189 0.0137029 
0.749565 -0.118015 
0.762566 -0.0670491 
0.706534 0.00491345 
0.6845 -0.00216681 
0.77984 -0.0352489 
0.710379 -0.033906 
Cluster 23 :
0.0207831 -0.703726 
0.127293 -0.713614 
-0.0812098 -0.682424 
0.120151 -0.625599 
-0.0385449 -0.765435 
0.0570391 -0.631153 
-0.027131 -0.635914 
-0.0852382 -0.731498 
-0.0384228 -0.657521 
Cluster 24 :
0.0809656 0.364849 
-0.0718101 0.354473 
-0.027253 0.346477 
0.0796838 0.377239 
Cluster 25 :
-0.165319 0.379803 
-0.322428 0.306192 
-0.212867 0.403973 
-0.294534 0.413007 
-0.267678 0.273354 
-0.14304 0.459151 
-0.221717 0.423627 
-0.28959 0.400311 
-0.235328 0.412153 
Cluster 26 :
-0.625233 0.299478 
-0.669301 0.358013 
-0.621754 0.268288 
-0.670888 0.198523 
-0.639149 0.300089 
-0.740287 0.2172 
-0.726981 0.149998 
-0.740287 0.299417 
Cluster 27 :
0.263588 -0.451582 
0.364544 -0.415937 
0.38084 -0.389325 
0.368328 -0.373211 
0.289285 -0.424604 
Cluster 28 :
-0.221961 -0.896054 
-0.188635 -0.769585 
-0.182165 -0.775018 
-0.238075 -0.882504 
-0.185644 -0.837581 
-0.20951 -0.779473 
-0.270302 -0.817743 
-0.157384 -0.774163 
-0.226356 -0.788385 
-0.280679 -0.777154 
-0.203101 -0.890805 
Cluster 29 :
-0.92346 0.558397 
-0.951964 0.618885 
-0.87402 0.619861 
-0.932798 0.654958 
-0.840144 0.5421 
-0.873348 0.650136 
-0.956969 0.708121 
-0.898251 0.610706 
Cluster 30 :
0.32902 0.263283 
0.325968 0.189917 
0.204382 0.195044 
0.282388 0.320353 
0.252052 0.259926 
Cluster 31 :
0.84521 -0.300333 
0.810968 -0.268471 
0.883419 -0.257057 
Cluster 32 :
0.667653 -0.464217 
0.741997 -0.369793 
0.720572 -0.457259 
0.770257 -0.416852 
0.717338 -0.444746 
Cluster 33 :
-0.710074 0.662465 
-0.755608 0.558458 
-0.797357 0.54265 
-0.677847 0.663076 
-0.697562 0.607776 
-0.675588 0.614124 
-0.809137 0.636158 
-0.682241 0.582507 
-0.776238 0.498642 
Cluster 34 :
-0.581042 0.586962 
-0.500595 0.571276 
-0.559862 0.631825 
-0.506699 0.716666 
-0.553514 0.67394 
-0.59154 0.635731 
-0.591418 0.66924 
-0.558519 0.689138 
-0.481918 0.530076 
-0.503098 0.629383 
Cluster 35 :
-0.76281 -0.852657 
-0.790765 -0.73101 
-0.842219 -0.826838 
-0.795282 -0.889157 
-0.859859 -0.726981 
-0.713248 -0.828303 
-0.762017 -0.712577 
-0.706778 -0.834712 
-0.909482 -0.737236 
-0.71099 -0.721732 
-0.831355 -0.777825 
-0.743706 -0.856136 
-0.811701 -0.795892 
Cluster 36 :
-0.265358 -0.215064 
Cluster 37 :
0.443831 0.827631 
0.40672 0.80108 
0.441389 0.788018 
0.397809 0.875729 
0.434553 0.86755 
0.405988 0.861507 
0.477523 0.837397 
0.504868 0.829463 
Cluster 38 :
0.319926 -0.221839 
0.349284 -0.301309 
0.299966 -0.253395 
0.400617 -0.262856 
0.319926 -0.283792 
0.381207 -0.272622 
0.367656 -0.261269 
0.314737 -0.262856 
Cluster 39 :
0.686148 -0.101901 
0.553514 -0.109958 
0.641835 -0.0853603 
0.701285 -0.0923795 
0.682119 -0.11063 
Cluster 40 :
0.929014 -0.075045 
0.863704 -0.149571 
0.856746 -0.121372 
0.852229 -0.188574 
0.91522 -0.116062 
0.919614 -0.051973 
Cluster 41 :
0.153844 0.363323 
0.238868 0.45085 
0.231727 0.455306 
0.236549 0.368877 
0.24723 0.40965 
Cluster 42 :
-0.859188 0.736625 
-0.740532 0.794366 
-0.77105 0.725883 
-0.746757 0.774468 
-0.832026 0.80401 
-0.77575 0.669851 
-0.747307 0.718314 
-0.903012 0.769524 
-0.799554 0.740593 
-0.722648 0.756218 
Cluster 43 :
-0.876156 0.330851 
-0.881649 0.397015 
-0.917051 0.501205 
-0.873409 0.397626 
-0.85406 0.36082 
-0.959716 0.478072 
-0.812677 0.338054 
-0.893429 0.367046 
-0.989074 0.355205 
-0.797235 0.432356 
Cluster 44 :
0.920652 0.155675 
0.919614 0.187109 
0.947203 0.177221 
Cluster 45 :
0.913877 -0.467025 
0.938292 -0.561449 
0.985839 -0.427717 
0.937315 -0.408002 
0.987671 -0.392499 
0.886532 -0.555345 
0.992859 -0.453963 
0.866634 -0.479843 
0.998169 -0.453047 
0.968627 -0.341289 
0.914182 -0.523972 
0.912351 -0.388287 
0.979308 -0.491012 
Cluster 46 :
0.0752281 -0.0619221 
0.0475173 0.00411999 
0.0301828 -0.0445265 
0.111118 -0.0433058 
Cluster 47 :
0.444258 0.561388 
0.438337 0.593066 
0.462752 0.60387 
0.44792 0.579516 
0.386944 0.502731 
0.464278 0.554979 
Cluster 48 :
0.518967 -0.417646 
0.495041 -0.310038 
0.464705 -0.296121 
0.564074 -0.344646 
0.465438 -0.329569 
0.566698 -0.386639 
0.455245 -0.437422 
0.508591 -0.416364 
0.512314 -0.28666 
0.522935 -0.370464 
Cluster 49 :
-0.231422 -0.242347 
-0.23014 -0.22483 
-0.238868 -0.236793 
-0.171728 -0.266335 
Cluster 50 :
0.138646 0.740532 
0.12186 0.717887 
0.0423292 0.792779 
0.078402 0.685354 
0.0868251 0.753594 
0.121311 0.80755 
0.0285348 0.796564 
0.0715048 0.771905 
0.171667 0.718375 
Cluster 51 :
0.715018 -0.190283 
0.72515 -0.264138 
0.701163 -0.157018 
0.696768 -0.204321 
0.750481 -0.261086 
Cluster 52 :
0.122166 0.0474563 
0.0956144 0.150365 
0.0481887 0.146397 
0.226234 0.117405 
0.103488 0.171667 
0.210669 0.101657 
0.0760216 0.0412916 
0.0443434 0.0843837 
Cluster 53 :
-0.374981 0.287027 
-0.408002 0.169713 
-0.438765 0.202979 
-0.33964 0.13126 
Cluster 54 :
0.999329 0.520066 
0.929929 0.587756 
0.84521 0.536424 
0.983276 0.450179 
0.991089 0.651173 
0.972533 0.55443 
0.884152 0.523484 
0.846858 0.546434 
0.965331 0.460921 
Cluster 55 :
0.52739 -0.764092 
0.517319 -0.636464 
0.471175 -0.652455 
0.587451 -0.74218 
0.492721 -0.696463 
0.416059 -0.699393 
0.53148 -0.718436 
0.627674 -0.659536 
Cluster 56 :
-0.0191351 0.957396 
-0.0127873 0.931211 
-0.00918609 0.962462 
-0.0159001 0.902463 
-0.00912505 0.946226 
Cluster 57 :
-0.306497 -0.452864 
-0.248024 -0.414655 
-0.288736 -0.376812 
-0.336039 -0.424543 
-0.274514 -0.431623 
Cluster 58 :
0.281594 -0.329081 
0.311136 -0.359478 
0.227821 -0.374371 
0.262001 -0.407819 
0.257973 -0.340983 
0.315714 -0.339396 
0.282998 -0.379559 
0.250465 -0.364055 
Cluster 59 :
0.284768 -0.0312815 
0.223243 -0.0307932 
0.240211 -0.0428175 
0.305826 -0.0472732 
0.197058 -0.0909147 
0.255715 -0.0817591 
0.243141 -0.0907315 
Cluster 60 :
-0.252297 0.704031 
-0.348491 0.761223 
-0.267312 0.756279 
-0.375408 0.770318 
-0.273354 0.757683 
-0.342631 0.733024 
-0.350078 0.803766 
-0.331095 0.78637 
-0.337565 0.771966 
-0.279641 0.736564 
-0.34196 0.746208 
-0.340739 0.79284 
-0.335734 0.748405 
Cluster 61 :
0.732536 -0.634571 
0.720817 -0.530747 
0.736076 -0.613208 
0.720267 -0.654592 
0.730949 -0.688406 
0.740959 -0.525315 
0.722343 -0.57384 
0.746086 -0.616382 
Cluster 62 :
-0.49968 0.101474 
-0.58153 -0.102451 
-0.505234 0.0859706 
-0.591174 -0.0889004 
-0.569445 -0.0043031 
-0.652028 -0.040376 
-0.649647 0.0476394 
-0.585131 -0.0484939 
-0.707327 0.0533769 
-0.597278 0.0927458 
-0.494186 -0.0364696 
-0.724174 0.0638752 
-0.459578 0.0443434 
-0.68865 0.0648519 
-0.537889 0.00167847 
-0.492965 0.0524613 
-0.697928 0.0887173 
Cluster 63 :
-0.586962 0.971069 
-0.615284 0.850887 
-0.489792 0.836909 
-0.661306 0.974242 
-0.578906 0.766533 
-0.493759 0.743217 
-0.465865 0.766594 
-0.567553 0.866756 
-0.570971 0.899045 
-0.549791 0.787591 
-0.603748 0.89172 
-0.478133 0.763115 
Cluster 64 :
-0.938597 -0.660146 
-0.785516 -0.526597 
-0.84582 -0.560045 
-0.989807 -0.534593 
-0.970702 -0.436384 
-0.835994 -0.56328 
-0.981628 -0.456648 
-0.782647 -0.627918 
-0.839229 -0.616016 
-0.957091 -0.608875 
-0.992981 -0.532456 
-0.939268 -0.52971 
-0.871883 -0.604236 
-0.873165 -0.606372 
-0.817682 -0.661489 
-0.872555 -0.547533 
-0.991394 -0.507004 
-0.96173 -0.449629 
-0.974609 -0.50444 
-0.847041 -0.657155 
-0.844234 -0.674673 
-0.89111 -0.484481 
-0.940855 -0.666982 
Cluster 65 :
-0.641163 -0.982788 
-0.623218 -0.9588 
-0.60271 -0.974975 
-0.681509 -0.939451 
-0.703116 -0.970824 
-0.782769 -0.937742 
Cluster 66 :
0.691824 0.0860927 
0.700674 0.0529497 
0.664907 0.142979 
0.629505 0.0896329 
0.694571 0.125095 
0.767815 0.147435 
Cluster 67 :
0.289834 0.848933 
0.22306 0.847285 
0.228858 0.803888 
0.253395 0.778252 
0.292459 0.791803 
Cluster 68 :
0.437239 0.382794 
0.452315 0.406598 
0.517563 0.331401 
0.451216 0.357708 
0.493026 0.378582 
0.552904 0.330302 
0.442488 0.412153 
0.496323 0.324198 
Cluster 69 :
0.0886563 -0.568346 
-0.00637835 -0.484725 
0.066866 -0.482711 
0.127232 -0.517624 
0.0299387 -0.468856 
0.109165 -0.48497 
0.104831 -0.456587 
-0.0142521 -0.411725 
Cluster 70 :
0.397382 -0.231178 
0.479049 -0.175207 
0.440413 -0.214576 
Cluster 71 :
-0.129307 0.848079 
-0.0949431 0.875973 
-0.0992157 0.844356 
-0.0738243 0.785394 
-0.0541093 0.829951 
-0.040315 0.697256 
-0.123203 0.729667 
-0.172643 0.744621 
-0.093112 0.764153 
Cluster 72 :
-0.0870083 0.248146 
-0.0312204 0.272439 
-0.0316477 0.188086 
-0.0721763 0.259438 
-0.0657064 0.277566 
Cluster 73 :
0.881954 -0.776666 
0.798456 -0.78222 
0.858638 -0.630116 
0.9176 -0.598376 
0.828242 -0.727165 
0.990417 -0.827326 
0.900326 -0.803766 
0.817743 -0.68804 
0.925413 -0.658498 
0.931333 -0.76928 
Cluster 74 :
0.539048 -0.826411 
0.404157 -0.776849 
0.532334 -0.838435 
0.422346 -0.938231 
0.38963 -0.79986 
0.49144 -0.958434 
0.363628 -0.964171 
0.379192 -0.841853 
0.460189 -0.883908 
0.371807 -0.922239 
Cluster 75 :
-0.18894 -0.337809 
-0.134007 -0.364605 
-0.172643 -0.365154 
-0.127781 -0.377605 
-0.0706503 -0.392438 
Cluster 76 :
0.577624 0.399152 
0.602649 0.48149 
0.548082 0.418256 
0.668447 0.465377 
0.627613 0.502792 
0.584216 0.408857 
Cluster 77 :
-0.220985 -0.500107 
-0.167272 -0.44554 
-0.20072 -0.407331 
-0.234779 -0.442 
-0.238075 -0.51677 
-0.217322 -0.439192 
-0.199866 -0.508286 
-0.180578 -0.492111 
Cluster 78 :
-0.383648 0.508957 
-0.298929 0.5056 
-0.427229 0.513718 
-0.383953 0.459761 
-0.405377 0.475448 
-0.354656 0.36137 
-0.421491 0.417585 
-0.415693 0.381451 
-0.340007 0.416547 
-0.392621 0.395245 
-0.344096 0.504379 
-0.32487 0.43144 
Cluster 79 :
0.442244 0.260353 
0.409955 0.282022 
0.439131 0.294046 
0.400983 0.319315 
Cluster 80 :
0.651051 0.379131 
0.663381 0.314432 
0.687368 0.293619 
0.713248 0.342753 
0.78753 0.281411 
0.650258 0.327982 
0.744865 0.356365 
Cluster 81 :
-0.461531 0.95941 
-0.367351 0.968383 
-0.314737 0.985046 
-0.382611 0.968017 
-0.397748 0.899167 
-0.390912 0.883297 
-0.283059 0.976196 
Cluster 82 :
0.542405 0.572558 
0.604602 0.591418 
0.574999 0.577197 
Cluster 83 :
-0.189489 -0.584399 
-0.129551 -0.489242 
-0.10416 -0.523972 
-0.181066 -0.555223 
-0.0680868 -0.566454 
-0.117893 -0.579272 
-0.215857 -0.564501 
Cluster 84 :
0.298257 -0.173803 
0.247291 -0.17423 
0.222144 -0.1713 
0.285318 -0.118503 
0.251869 -0.181555 
0.300027 -0.192846 
Cluster 85 :
0.48204 0.141392 
Cluster 86 :
0.355754 -0.099704 
0.333537 -0.138524 
0.334635 -0.109775 
Cluster 87 :
0.609058 -0.255593 
0.617298 -0.27195 
0.603748 -0.302347 
0.554735 -0.163366 
0.61565 -0.162877 
Cluster 88 :
0.0780358 0.446821 
0.0475173 0.508103 
0.0932341 0.481857 
0.0882291 0.51146 
0.118259 0.544847 
0.0724815 0.546678 
Cluster 89 :
-0.315836 0.135899 
-0.233131 0.161656 
-0.267251 0.084872 
-0.246254 0.126255 
-0.218299 0.205847 
-0.158116 0.140599 
-0.234413 0.139073 
Cluster 90 :
0.243202 -0.738823 
0.243385 -0.745537 
0.324442 -0.839839 
0.274636 -0.807978 
0.325724 -0.772027 
0.366314 -0.737297 
0.362774 -0.774041 
0.23075 -0.771172 
0.187475 -0.819514 
0.145054 -0.75811 
0.252968 -0.84698 
Cluster 91 :
0.205542 0.576586 
0.213477 0.656056 
0.0681478 0.610157 
0.194067 0.563219 
0.142064 0.68157 
0.204627 0.665517 
0.111423 0.654469 
0.110813 0.599231 
Cluster 92 :
-0.977844 -0.86462 
-0.912595 -0.854549 
-0.995849 -0.936155 
-0.887387 -0.922727 
-0.853633 -0.876339 
-0.93408 -0.928465 
-0.848445 -0.903745 
-0.971435 -0.998596 
-0.915403 -0.794244 
Cluster 93 :
-0.658742 -0.611377 
-0.663137 -0.657033 
-0.720634 -0.573351 
-0.748344 -0.544481 
-0.543992 -0.645436 
-0.577868 -0.569872 
-0.743706 -0.633595 
-0.690481 -0.515976 
-0.611621 -0.643239 
-0.719718 -0.596728 
-0.54442 -0.578417 
-0.620167 -0.718863 
-0.560106 -0.593921 
-0.528977 -0.651967 
-0.664235 -0.588733 
-0.620289 -0.622608 
Cluster 94 :
-0.748772 -0.369976 
-0.894833 -0.421064 
-0.706412 -0.43675 
-0.784967 -0.388531 
-0.770196 -0.34373 
-0.729057 -0.298441 
-0.886715 -0.332316 
-0.812128 -0.417768 
-0.750969 -0.379986 
-0.984313 -0.385418 
Cluster 95 :
-0.384136 -0.209204 
-0.345744 -0.235878 
-0.328471 -0.149937 
-0.307169 -0.160619 
-0.435957 -0.287027 
-0.315958 -0.133457 
-0.330363 -0.200171 
-0.321207 -0.311625 
Cluster 96 :
-0.440657 -0.471053 
-0.389569 -0.424482 
-0.454451 -0.358867 
-0.41673 -0.394879 
-0.453475 -0.48088 
-0.39079 -0.417829 
-0.435591 -0.346049 
-0.378155 -0.499619 
-0.424177 -0.499008 
-0.402326 -0.457808 
Cluster 97 :
0.258339 0.941649 
0.220679 0.869381 
0.189978 0.995239 
0.220679 0.8858 
0.163671 0.889767 
0.2584 0.889462 
0.180334 0.862606 
0.211646 0.924131 
0.271096 0.946654 
0.127659 0.899594 
Cluster 98 :
-0.831416 -0.0457472 
-0.833491 -0.0390942 
-0.900021 0.0115665 
-0.954161 -0.0589312 
-0.875973 0.0112003 
-0.97351 -0.113926 
-0.981506 -0.133885 
-0.950499 -0.0451369 
-0.883114 -0.0442213 
-0.987487 0.0116886 
Cluster 99 :
0.397076 -0.569201 
0.502243 -0.610889 
0.49266 -0.4597 
0.480453 -0.508408 
0.498764 -0.566332 
0.527879 -0.523789 
0.457747 -0.538865 
Cluster 100 :
-0.446272 0.302713 
-0.440168 0.339579 
-0.53679 0.277932 
-0.499985 0.315897 
-0.552355 0.24192 
-0.54326 0.349162 
-0.568407 0.290872 
Cluster 101 :
0.502792 0.661672 
0.530137 0.630726 
0.511765 0.697562 
0.505661 0.637867 
0.538865 0.675649 
Cluster 102 :
0.0806605 0.294839 
0.120579 0.300821 
0.136937 0.261879 
0.0905484 0.287149 
0.0829188 0.252785 
0.139805 0.301981 
0.0572833 0.243202 
0.056795 0.234901 
0.038789 0.245094 
0.124607 0.246864 
0.084872 0.236 
0.106723 0.251564 
Cluster 103 :
0.701163 -0.980651 
0.726249 -0.898862 
0.87994 -0.874874 
0.955321 -0.986572 
0.70397 -0.947386 
0.731498 -0.98645 
0.807978 -0.968017 
0.86639 -0.876156 
0.738823 -0.936827 
0.750847 -0.989502 
0.833979 -0.888974 
0.967345 -0.962645 
0.821833 -0.945067 
Cluster 104 :
-0.0626545 -0.160131 
-0.0968353 -0.27604 
-0.0215155 -0.182836 
-0.0618 -0.192053 
-0.0257271 -0.196875 
-0.0120548 -0.206702 
Cluster 105 :
0.586657 0.0720541 
0.616077 0.0270699 
0.518723 0.0223701 
0.570727 0.0599688 
0.523545 0.0653402 
Cluster 106 :
0.230567 0.562548 
0.332804 0.583789 
0.227027 0.566271 
0.344584 0.529527 
0.321451 0.495407 
0.287332 0.538682 
0.272439 0.484603 
0.243141 0.515488 
0.248451 0.5421 
0.282998 0.514267 
Cluster 107 :
0.720878 0.973022 
0.707938 0.926084 
0.767449 0.933897 
0.727775 0.89758 
Cluster 108 :
-0.351054 0.69274 
-0.369488 0.58684 
-0.345866 0.619068 
-0.377605 0.617359 
-0.308023 0.670705 
-0.372112 0.657399 
-0.26426 0.631886 
Cluster 109 :
-0.317179 -0.851619 
-0.379864 -0.776299 
-0.340312 -0.819391 
-0.420209 -0.780938 
-0.454085 -0.932371 
-0.407697 -0.915708 
-0.325968 -0.953368 
-0.369976 -0.941465 
-0.317423 -0.907956 
Cluster 110 :
0.739433 0.539232 
0.669179 0.627247 
0.674734 0.598865 
0.804865 0.604419 
0.741813 0.713797 
0.813532 0.59563 
0.661672 0.60033 
0.734062 0.624439 
Cluster 111 :
0.957884 0.259011 
0.962157 0.26957 
0.884518 0.303385 
0.995666 0.294778 
Cluster 112 :
0.633412 0.154088 
0.593066 0.135594 
0.594653 0.174291 
Cluster 113 :
0.606372 -0.764092 
0.620472 -0.802545 
0.7022 -0.84051 
0.731071 -0.763115 
0.682119 -0.9035 
0.697989 -0.786981 
0.61156 -0.820063 
0.692618 -0.78106 
0.717948 -0.870052 
0.701468 -0.851131 
0.590991 -0.784173 
0.622425 -0.872982 
0.571764 -0.92053 
0.713492 -0.818415 
Cluster 114 :
0.616016 0.757683 
0.588549 0.690848 
0.646412 0.71099 
0.629139 0.739006 
0.656362 0.675161 
Cluster 115 :
0.911862 0.915342 
0.934629 0.996704 
0.89935 0.833491 
0.91467 0.836787 
0.99237 0.889096 
0.888424 0.844417 
0.999695 0.939634 
0.899533 0.977294 
0.939634 0.986389 
Cluster 116 :
0.591296 0.215003 
0.533616 0.223731 
0.722404 0.213355 
0.668142 0.229713 
Cluster 117 :
0.691214 -0.331767 
0.666982 -0.299722 
0.691092 -0.302957 
0.750725 -0.34666 
Cluster 118 :
-0.609851 -0.746696 
-0.648305 -0.826167 
-0.591357 -0.754631 
-0.515244 -0.850093 
-0.524827 -0.832148 
-0.562609 -0.734611 
-0.460494 -0.802606 
-0.488632 -0.854366 
-0.493515 -0.8764 
-0.615833 -0.832392 
-0.481185 -0.866573 
-0.591052 -0.853267 
Cluster 119 :
0.902768 0.741569 
0.950316 0.766533 
0.889279 0.750175 
0.851619 0.709464 
0.872799 0.791559 
0.875607 0.710746 
0.863887 0.638783 
0.797052 0.716056 
0.922666 0.720939 
Cluster 120 :
0.048677 -0.96942 
0.190161 -0.925108 
0.120762 -0.926328 
0.094882 -0.894162 
0.100742 -0.867672 
0.110691 -0.884457 
0.107639 -0.884884 
0.0549028 -0.909848 
0.195532 -0.896542 
0.07181 -0.922056 
0.19834 -0.857356 
0.292337 -0.965575 
0.246681 -0.920652 
0.243751 -0.953429 
Cluster 121 :
-0.654592 0.512314 
-0.589221 0.501938 
-0.632252 0.403851 
-0.577868 0.492843 
-0.634693 0.464766 
-0.648183 0.498764 
Cluster 122 :
-0.212439 -0.700003 
-0.169897 -0.713797 
-0.284463 -0.677847 
-0.273537 -0.729911 
-0.283547 -0.640004 
-0.207801 -0.645924 
-0.217383 -0.649159 
-0.202734 -0.653798 
Cluster 123 :
-0.896298 0.282632 
-0.802362 0.287881 
-0.877804 0.0991546 
-0.818354 0.196631 
-0.977355 0.195471 
-0.919065 0.223975 
-0.937132 0.252174 
-0.856929 0.182531 
-0.943236 0.259804 
-0.820307 0.266335 
-0.77813 0.144261 
-0.94879 0.25248 
-0.986755 0.263161 
-0.861629 0.151646 
-0.983459 0.185217 
-0.883785 0.131871 
-0.840388 0.0863979 
-0.908261 0.171667 
-0.83404 0.192358 
-0.91998 0.28312 
Cluster 124 :
-0.195593 0.798883 
-0.180517 0.864803 
-0.185339 0.815546 
-0.214515 0.861751 
-0.198096 0.849788 
-0.199683 0.785272 
-0.227821 0.966002 
-0.202612 0.870846 
-0.230018 0.882015 
-0.170568 0.900449 
-0.253822 0.882687 
-0.13712 0.881039 
-0.227699 0.914975 
Cluster 125 :
0.197791 -0.219947 
0.135044 -0.200781 
0.229102 -0.293374 
0.215247 -0.223731 
0.222633 -0.209082 
0.186193 -0.242897 
Cluster 126 :
0.0986053 -0.352702 
0.14481 -0.341594 
0.184973 -0.426557 
0.197668 -0.300943 
0.185827 -0.324015 
0.177282 -0.366619 
0.133702 -0.325785 
Cluster 127 :
0.400128 -0.023896 
0.42143 -0.0526444 
0.476669 -0.0850551 
0.453902 -0.0410474 
